999.935547,1957.93598973274
1001.416016,1802.98298177446
1002.894531,1669.53669339475
1004.373047,1555.27514084673
1005.851562,1457.87634038353
1007.330078,1375.01830825827
1008.808594,1304.37906072408
1010.287109,1243.63661403408
1011.763672,1190.4689844414
1013.240234,1143.84393053753
1014.71875,1092.09419776531
1016.195312,1036.65599541973
1017.671875,987.567052061246
1019.146484,937.738567487135
1020.623047,888.712741869417
1022.099609,835.763206607146
1023.574219,779.11569020723
1025.048828,731.324023220372
1026.523438,686.29772056581
1027.998047,641.790376699461
1029.472656,594.196594578719
1030.947266,548.94435220155
1032.419922,496.518929052682
1033.894531,445.14878119911
1035.367188,399.312033026323
1036.839844,349.509164082814
1038.3125,290.503713480751
1039.785156,244.70657442619
1041.257812,205.62321907101
1042.730469,175.073035560527
1044.201172,140.444735683248
1045.671875,113.490625851069
1047.144531,91.608691100989
1048.615234,81.213305169784
1050.083984,75.1703827856572
1051.554688,70.0129111762058
1053.025391,62.9807580803578
1054.494141,56.7370870177143
1055.964844,55.9209731145994
1057.433594,53.9372975407482
1058.902344,53.9986112795569
1060.371094,45.7897354931668
1061.839844,41.5487547420948
1063.308594,41.1653873225535
1064.775391,40.9693527373783
1066.244141,40.3609133194688
1067.710938,35.5869350311383
1069.177734,35.4369502430287
1070.644531,31.4999502871328
1072.111328,32.3090709649832
1073.578125,33.2062696492475
1075.042969,33.5547099283591
1076.509766,32.4548986347857
1077.974609,34.2705881226217
1079.439453,37.3429686145407
1080.904297,35.3838991591971
1082.369141,41.444956838727
1083.833984,41.7921995083716
1085.298828,47.5704868804614
1086.761719,50.7796788608352
1088.226562,55.3458176243852
1089.689453,53.6384339583701
1091.152344,49.7389074189955
1092.615234,48.6187857173411
1094.078125,44.2476387651146
1095.539062,44.7008546687247
1097.001953,45.1582258631368
1098.462891,45.9847305811026
1099.925781,47.7109054555021
1101.386719,51.2063545261528
1102.847656,48.8379812934546
1104.308594,49.2805252496985
1105.769531,56.1289984589281
1107.228516,57.2337322491096
1108.689453,57.4674088045902
1110.148438,59.7011248748574
1111.607422,65.0684503620742
1113.066406,63.2696777230458
1114.525391,61.6778166961524
1115.984375,62.509840817581
1117.443359,61.0361812310547
1118.900391,65.9190749361105
1120.359375,67.5375656284337
1121.816406,67.6052410381503
1123.273438,68.6713459063959
1124.730469,66.9957892916138
1126.1875,59.3961413898864
1127.644531,54.425348895999
1129.099609,48.7489309952787
1130.556641,46.0041207624083
1132.011719,46.3714942899101
1133.466797,44.3777493465355
1134.921875,45.4202687380559
1136.376953,44.763164953466
1137.832031,43.694913468419
1139.287109,43.4941677200991
1140.740234,44.9150006784609
1142.195312,47.219756022382
1143.648438,46.0253051723376
1145.101562,43.4718384078152
1146.554688,39.0950325284402
1148.007812,37.2280867892337
1149.460938,31.9485766222307
1150.912109,32.7519293853296
1152.365234,29.4445848062961
1153.816406,29.9790114042627
1155.267578,28.0278412812867
1156.71875,23.6814793425423
1158.169922,20.9787411155912
1159.621094,15.7793043407643
1161.072266,13.4912894813819
1162.521484,10.9850988841478
1163.970703,6.92616104508385
1165.421875,0.258469419830755
1166.871094,-3.61175393090114
1168.320312,-5.41047893788101
1169.769531,-8.27286429763089
1171.216797,-5.31227904144002
1172.666016,0.0394662712758247
1174.113281,9.1479092935577
1175.5625,13.6607410803688
1177.009766,16.9783517011734
1178.457031,16.5144044016341
1179.904297,22.8163309714946
1181.351562,23.588478276619
1182.796875,25.4852431967357
1184.244141,24.5268772802257
1185.689453,22.1426355684693
1187.134766,16.8978155029001
1188.582031,14.1861097308123
1190.025391,7.00404411556088
1191.470703,2.90514928831798
1192.916016,-2.3117789272672
1194.361328,-2.78871122730796
1195.804688,-2.05545626483348
1197.248047,-1.40879846100938
1198.693359,-3.65789342132223
1200.136719,-4.1942501447878
1201.580078,-0.395671807229616
1203.021484,5.00333579003809
1204.464844,7.98044323329389
1205.90625,12.4918567569195
1207.349609,14.0621553462216
1208.791016,18.0096696631296
1210.232422,17.2338405207712
1211.673828,17.9522232180978
1213.115234,13.6703507884096
1214.556641,13.321930023731
1215.996094,11.6523268386028
1217.4375,13.6220998976687
1218.876953,14.020935526792
1220.316406,17.511821601801
1221.755859,18.8483922354469
1223.195312,24.3115326541634
1224.634766,26.0095118283387
1226.074219,25.812903202594
1227.511719,24.6110052711046
1228.951172,25.5370074217907
1230.388672,22.4581270217241
1231.826172,18.3955209136327
1233.263672,18.0141955085104
1234.701172,13.7083914586106
1236.138672,13.9811067140088
1237.574219,14.2682645423748
1239.011719,15.1220727155514
1240.447266,20.5299381800344
1241.882812,23.7341762623309
1243.318359,26.091865533456
1244.753906,28.5177218636763
1246.189453,35.1567287377327
1247.625,35.9275120104503
1249.058594,38.3185581367558
1250.494141,38.0159902438025
1251.927734,43.7443283818705
1253.361328,41.0476995553027
1254.794922,40.2832707803698
1256.228516,39.8103642003011
1257.662109,29.3388363212318
1259.09375,28.3090090210443
1260.527344,26.564585879004
1261.958984,26.066322972202
1263.390625,26.6143258968275
1264.824219,23.5095556709273
1266.255859,25.6510919650722
1267.685547,31.0794732632615
1269.117188,39.7653889861943
1270.548828,38.856758607551
1271.978516,48.6245530296295
1273.408203,54.7010159194286
1274.839844,60.6829676316738
1276.269531,57.2975790405267
1277.699219,61.6242022351298
1279.126953,59.317266829327
1280.556641,55.4639740415633
1281.984375,61.3389233953036
1283.414062,65.6587767677444
1284.841797,65.4763514093409
1286.269531,65.3679216738813
1287.697266,65.843695025226
1289.125,70.0327023905745
1290.552734,72.6981701714213
1291.978516,76.6830187604012
1293.40625,81.6390853939737
1294.832031,88.2125312581159
1296.257812,94.9624232815032
1297.685547,101.007653827864
1299.111328,105.233643743841
1300.535156,115.420026755716
1301.960938,120.396715853018
1303.386719,128.828743641863
1304.810547,144.399005679871
1306.234375,154.931494262014
1307.658203,165.656392494649
1309.083984,176.419042573519
1310.505859,193.710248191205
1311.929688,212.028654368613
1313.353516,234.90739624831
1314.775391,258.227485160302
1316.199219,286.646009249997
1317.621094,315.642679563045
1319.042969,361.367602653577
1320.464844,400.442677011148
1321.886719,452.145719824495
1323.308594,522.688749300837
1324.728516,599.709183947305
1326.150391,702.267334514109
1327.570312,818.328613744899
1328.990234,948.35060339727
1330.410156,1094.24989261903
1331.830078,1251.72677833212
1333.25,1430.19582584758
1334.669922,1595.2589944519
1336.087891,1766.16386447536
1337.507812,1919.97176351817
1338.925781,2047.78491831553
1340.34375,2149.0606692018
1341.761719,2217.21731796864
1343.179688,2233.45049080262
1344.597656,2222.93234029751
1346.015625,2168.85915433119
1347.431641,2083.04599463293
1348.849609,1962.99569663281
1350.265625,1814.87026877495
1351.681641,1663.95687514388
1353.097656,1502.95492673557
1354.513672,1342.84407273678
1355.929688,1187.48537130218
1357.34375,1035.50286806564
1358.759766,913.938537358651
1360.173828,795.779805861299
1361.587891,687.890572511853
1363.003906,600.493824118206
1364.417969,523.288817687739
1365.830078,455.136422249882
1367.244141,405.835801326117
1368.658203,361.378346010595
1370.070312,328.237590291418
1371.482422,291.913460685554
1372.896484,263.395340449716
1374.308594,243.427936608841
1375.720703,225.412999707274
1377.130859,207.244836515737
1378.542969,191.018294357811
1379.955078,178.408288393549
1381.365234,166.216870615519
1382.775391,148.616052165279
1384.1875,132.000352478301
1385.597656,120.717979274861
1387.007812,110.417820034033
1388.416016,102.320667686978
1389.826172,98.1482420038808
1391.236328,96.2889443148382
1392.644531,91.1577162158734
1394.052734,87.1103132029967
1395.460938,74.5695915266092
1396.869141,75.6911449033348
1398.277344,76.4806906898657
1399.685547,74.7952848207741
1401.09375,76.3371262736354
1402.5,71.7357808821348
1403.90625,63.1884246627104
1405.314453,60.3075643391936
1406.720703,56.0212623374909
1408.126953,55.0116791905118
1409.533203,50.647225396229
1410.9375,49.034448597177
1412.34375,47.6900934201717
1413.748047,47.0967320817672
1415.154297,46.6961094015775
1416.558594,44.4916737638082
1417.962891,43.1261118181495
1419.367188,54.1504084956766
1420.771484,58.6477064587677
1422.175781,63.9380361578136
1423.578125,64.3301026815036
1424.982422,57.8112603787247
1426.384766,54.0098110833925
1427.787109,58.3437884652762
1429.189453,55.6047609609081
1430.591797,53.9543494107364
1431.994141,51.4951819435031
1433.396484,54.6240383341366
1434.796875,54.7445053052465
1436.199219,58.5315115517935
1437.599609,59.7109856447518
1439,56.6982114098417
1440.400391,63.0293023698113
1441.800781,73.4768677999144
1443.201172,72.4311784829113
1444.601562,76.3704749594596
1446,72.0960759492079
1447.400391,67.8869766919192
1448.798828,69.2900129664861
1450.197266,73.1990278713598
1451.595703,72.8922786655424
1452.994141,71.0477580757453
1454.392578,71.8637121487021
1455.789062,71.467963529149
1457.1875,67.1629830703791
1458.583984,64.796939603232
1459.980469,57.8349059954483
1461.378906,50.5897447377151
1462.775391,49.4980993639328
1464.169922,49.5750964388949
1465.566406,45.486543335557
1466.962891,47.5094645196352
1468.357422,40.8274549922124
1469.753906,40.013738980264
1471.148438,44.6217581269826
1472.542969,47.6501786552099
1473.9375,47.3857572050057
1475.332031,42.3627614716215
1476.726562,41.0217479802874
1478.119141,38.1538943334798
1479.513672,36.7576087660271
1480.90625,38.3274095933427
1482.298828,34.0183166149939
1483.693359,31.1834437255927
1485.085938,27.1946607812422
1486.476562,28.7941120988405
1487.869141,25.9153481193487
1489.261719,25.1906403510167
1490.652344,25.0050571521797
1492.044922,24.2828311508578
1493.435547,20.7827259979488
1494.826172,15.8594271727037
1496.216797,11.3523710267014
1497.607422,4.87501964929371
1498.996094,3.59626365117012
1500.386719,5.24614308682551
1501.775391,5.73466064922122
1503.166016,4.22593645530956
1504.554688,4.25957498980849
1505.943359,3.51479145781923
1507.332031,4.54913654684997
1508.720703,7.22845754790044
1510.109375,8.86396356937925
1511.496094,8.31847266889201
1512.884766,7.76185799622554
1514.271484,5.94473884917379
1515.658203,3.62930890323791
1517.044922,6.79695918195522
1518.431641,12.1639757409475
1519.818359,13.2364461891532
1521.205078,17.9956961947934
1522.589844,25.65473759927
1523.976562,31.2050304710879
1525.361328,37.2187124922557
1526.746094,44.1487891066437
1528.130859,51.9794582451758
1529.515625,62.8323302124683
1530.900391,62.8372948753124
1532.285156,65.4952515568562
1533.669922,63.2107331330982
1535.052734,67.2059299247586
1536.435547,70.2905103044118
1537.820312,72.628037910506
1539.203125,77.8485257805251
1540.585938,85.0900090034186
1541.966797,88.2791605986769
1543.349609,96.3457700704582
1544.732422,107.470362413501
1546.113281,117.800641847438
1547.494141,135.335990473826
1548.876953,155.751605238959
1550.257812,179.499142491177
1551.638672,199.989858263263
1553.017578,221.957144263129
1554.398438,247.173369564657
1555.779297,282.775184204345
1557.158203,319.026742040634
1558.539062,365.725814944323
1559.917969,410.331259723868
1561.296875,463.943795731411
1562.675781,519.484605970456
1564.054688,581.70678119509
1565.431641,660.183734777414
1566.810547,750.344411564226
1568.1875,856.689418542513
1569.566406,978.53458967114
1570.943359,1106.0857641841
1572.320312,1241.77506820643
1573.697266,1383.29434356963
1575.074219,1533.29442758426
1576.449219,1694.75339523141
1577.826172,1874.45259129165
1579.201172,2060.83526658205
1580.578125,2235.29086940779
1581.953125,2381.85420554787
1583.328125,2501.88059228594
1584.703125,2574.85652433286
1586.078125,2602.55807663998
1587.453125,2589.52477298204
1588.826172,2521.83327744068
1590.201172,2407.25161944662
1591.574219,2246.33513710964
1592.947266,2055.87459638279
1594.320312,1830.98000507454
1595.693359,1597.5196640889
1597.066406,1372.42553565117
1598.439453,1167.95043086594
1599.810547,994.550860785505
1601.183594,852.721486549671
1602.554688,722.597358463181
1603.925781,620.319407058996
1605.298828,540.054633519621
1606.667969,473.742303445242
1608.039062,421.210416506281
1609.410156,386.829524840479
1610.78125,360.404834860647
1612.150391,344.194917401147
1613.521484,336.011255797172
1614.890625,335.880634533993
1616.259766,327.27063494643
1617.628906,332.627814488598
1618.998047,336.725594914531
1620.365234,339.381235989671
1621.734375,342.196388351634
1623.103516,340.901228223605
1624.470703,332.430189724785
1625.837891,316.787626032162
1627.205078,301.498018272805
1628.572266,286.501899880383
1629.939453,266.022377919677
1631.306641,242.164913112988
1632.673828,218.213384604366
1634.039062,194.719511901147
1635.404297,168.705777088225
1636.771484,146.707108102871
1638.136719,126.815055230723
1639.501953,114.730185413277
1640.867188,102.781472459258
1642.232422,90.1575985979083
1643.595703,78.0158725829433
1644.960938,64.3864952691214
1646.324219,53.4938588963488
1647.6875,45.8278739293287
1649.052734,44.0557447311059
1650.416016,48.5494350504616
1651.777344,44.0451651665481
1653.140625,39.3692866215381
1654.503906,36.7953771567379
1655.865234,32.1241059216615
1657.228516,28.897659081461
1658.589844,28.1472437771899
1659.951172,25.0121409393192
1661.3125,20.9100322794088
1662.673828,16.126972233792
1664.035156,12.9146925633094
1665.396484,7.19774136984409
1666.755859,0.997773959960836
1668.117188,3.3375913621145
1669.476562,6.61985704339774
1670.835938,7.67538865944055
1672.195312,12.4893470088602
1673.554688,15.1199701088904
1674.914062,15.5047767302706
1676.273438,20.8049557250113
1677.630859,22.4364077199768
1678.990234,30.3755907554225
1680.347656,31.721962079433
1681.705078,32.8769528725832
1683.064453,32.1902540092693
1684.421875,31.9689210653249
1685.777344,30.408325482746
1687.134766,24.3051973656996
1688.492188,23.1506939318081
1689.847656,25.1547082930008
1691.205078,24.5480602757291
1692.560547,20.4302338983929
1693.916016,20.2951726888921
1695.271484,19.0708116223912
1696.626953,16.0563751509434
1697.982422,15.2272435148535
1699.335938,12.1714599661723
1700.691406,13.3749126092138
1702.044922,9.50320437844992
1703.398438,9.94058807859747
1704.753906,5.42946425174157
1706.107422,2.81309069783331
1707.458984,5.08692557275518
1708.8125,9.99941845111446
1710.166016,14.3591919405436
1711.517578,21.359776754966
1712.871094,22.3317646148191
1714.222656,21.5462390414915
1715.574219,22.2346581318557
1716.925781,23.7454492789419
1718.277344,24.6350363953249
1719.628906,23.0655368470888
1720.980469,24.4087557830996
1722.330078,24.4973358342874
1723.681641,19.8699940005105
1725.03125,21.3929853728486
1726.380859,21.3295863704394
1727.730469,24.3480476109629
1729.080078,22.3517948860439
1730.429688,24.8430685315981
1731.779297,25.9872031163465
1733.128906,26.3590138936778
1734.476562,23.1903875694891
1735.824219,18.3659507750893
1737.173828,20.3737880655392
1738.521484,24.7679848608746
1739.869141,29.1263431509868
1741.216797,27.6468440363234
1742.5625,27.8313137214153
1743.910156,26.7014184346378
1745.255859,22.4023050591547
1746.603516,20.1314850773013
1747.949219,22.1149408175138
1749.294922,20.0310993810192
1750.640625,12.7787098236546
1751.986328,15.6733755237922
1753.332031,14.8671154967511
1754.677734,15.9868262824321
1756.021484,19.7773728169552
1757.367188,22.4800424974256
1758.710938,33.487048836973
1760.054688,31.6448549535401
1761.398438,35.5351226753978
1762.742188,35.9069215099265
1764.085938,36.6198371688676
1765.429688,35.395210108732
1766.771484,31.5613511234325
1768.115234,28.7980715348389
1769.457031,30.1930518009902
1770.798828,25.1868261913446
1772.140625,19.959702545678
1773.482422,17.934264699394
1774.824219,20.8123111697058
1776.166016,26.2641695258613
1777.507812,28.6658142153927
1778.847656,25.3298623053949
1780.1875,25.9068981247433
1781.529297,28.5289888524652
1782.869141,39.9847155682048
1784.208984,45.0139797335115
1785.548828,46.3776656094851
1786.888672,49.1665920187776
1788.226562,52.5508459359297
1789.566406,50.692570571883
1790.904297,46.6498499923101
1792.244141,41.6489197919207
1793.582031,41.0104438898708
1794.919922,41.4568985633417
1796.257812,43.0404648364523
1797.595703,37.2766154758235
1798.931641,31.4814279115247
1800.269531,29.6496317744886
1801.605469,33.4207724371167
1802.943359,40.5892456410659
1804.279297,43.6375310029628
1805.615234,42.3020449309787
1806.951172,42.7221225320936
1808.287109,47.2971767275575
1809.623047,48.310574576708
1810.957031,46.2327315852261
1812.292969,45.8166271819723
1813.626953,47.0032619759944
1814.960938,44.1955316587041
1816.296875,43.8378252108438
1817.630859,44.3236477158635
1818.964844,41.285588261922
1820.296875,42.1488815317615
1821.630859,49.2172526291591
1822.964844,49.3481084540453
1824.296875,53.1285342169035
1825.628906,57.4942725498318
1826.962891,56.9864056561931
1828.294922,60.3886537897773
1829.626953,65.4128309188639
1830.957031,68.582214276387
1832.289062,69.9245016235
1833.621094,74.7738943081795
1834.951172,71.2376842333339
1836.283203,63.0791692261569
1837.613281,63.2817895967232
1838.943359,62.7259453575109
1840.273438,60.0706285416786
1841.603516,56.37700741526
1842.933594,59.4686592622187
1844.261719,60.8629023707621
1845.591797,64.4576732253043
1846.919922,66.6345392205497
1848.25,65.2958981274891
1849.578125,71.2280411487886
1850.90625,76.5146685358082
1852.234375,82.6544994593507
1853.5625,85.8986618111392
1854.888672,91.2250405631064
1856.216797,91.7182321477552
1857.544922,91.9574055071946
1858.871094,95.0426569523421
1860.197266,95.3717667132887
1861.523438,96.0323365740068
1862.849609,96.157336574149
1864.175781,97.5568621556729
1865.501953,100.058015177947
1866.828125,99.3849536008558
1868.152344,94.6355442822548
1869.476562,90.120697862338
1870.802734,89.2724694620989
1872.126953,87.6419992541502
1873.451172,86.9187273011818
1874.775391,82.0998940004805
1876.099609,79.8190242470908
1877.421875,76.1576034265995
1878.746094,69.2982135953526
1880.070312,64.8076699929882
1881.392578,59.4040302116206
1882.714844,61.7840588935234
1884.037109,64.7693910600333
1885.359375,64.6438786585894
1886.681641,67.119186556874
1888.003906,67.6244326732193
1889.326172,66.7851594304823
1890.646484,65.9912842498849
1891.966797,67.6543076928506
1893.289062,69.8972021661725
1894.609375,70.7974151337428
1895.929688,70.0343367073469
1897.25,71.1446859164087
1898.570312,66.2858641251409
1899.888672,64.9770882304519
1901.208984,63.9535118003615
1902.529297,65.650668700218
1903.847656,70.6466780338497
1905.166016,71.3240942468326
1906.484375,67.6516436656814
1907.802734,64.509808635137
1909.121094,61.8257301576658
1910.439453,61.260021534465
1911.757812,57.5392793332669
1913.074219,55.4422771980851
1914.392578,56.8260435786437
1915.708984,60.3612864053984
1917.025391,63.680985655045
1918.341797,59.6999628321734
1919.658203,57.8285405475442
1920.974609,62.071973935604
1922.291016,60.700039078057
1923.605469,63.3386025205458
1924.921875,63.836828991938
1926.236328,58.8713771580199
1927.550781,52.2440949357919
1928.865234,49.5863728458258
1930.179688,50.9456689021156
1931.494141,49.0745495550354
1932.808594,50.5945368513483
1934.123047,52.1734007060732
1935.435547,53.5625252230029
1936.75,58.3897252038988
1938.0625,60.3543525715684
1939.375,57.5654786835569
1940.6875,61.3299490661916
1942,64.2406732836296
1943.3125,60.9173136448305
1944.625,65.2630969130904
1945.935547,65.3178228051763
1947.248047,62.9967276191556
1948.558594,60.6520408967705
1949.871094,61.432908232259
1951.181641,58.8519278335682
1952.492188,53.4763561392073
1953.802734,55.0765350612843
1955.113281,52.7844604505492
1956.421875,53.42398703277
1957.732422,60.3777777344945
1959.041016,63.5585372724626
1960.351562,65.7686974887825
1961.660156,67.2257049172396
1962.96875,68.8853599314647
1964.277344,68.1064597808109
1965.585938,72.3879690311948
1966.894531,77.1768502949875
1968.201172,76.4155350757554
1969.509766,73.964092515503
1970.816406,69.6559008180098
1972.123047,65.7495397979804
1973.431641,65.6026137701295
1974.738281,62.4918002698801
1976.044922,63.562011762782
1977.349609,66.6211153690148
1978.65625,71.7220121883506
1979.962891,73.6826059070755
1981.267578,76.8319678538946
1982.574219,75.2788581116975
1983.878906,81.1347161427845
1985.183594,83.1085945768081
1986.488281,88.4207405244747
1987.792969,91.6655377635735
1989.097656,91.1586270635972
1990.400391,95.6689108230663
1991.705078,93.804041470431
1993.007812,97.1712413917166
1994.3125,99.1337485305455
1995.615234,98.7911327154967
1996.917969,100.076843864745
1998.220703,98.4225609685119
1999.523438,97.5284569366039
2000.826172,94.8963065909888
2002.126953,90.8087278047029
2003.429688,83.708467565474
2004.730469,89.2871561149193
2006.033203,86.4834115240261
2007.333984,83.5413944875608
2008.634766,83.0678079052357
2009.935547,87.4178106614328
2011.236328,91.9821758681109
2012.535156,88.3309024957183
2013.835938,91.7300740127501
2015.134766,90.2442469725541
2016.435547,90.1082381207797
2017.734375,90.7499350407028
2019.033203,89.2231241876892
2020.332031,88.1301768160621
2021.630859,85.7373864914226
2022.929688,83.425394295167
2024.228516,83.3567237542656
2025.525391,86.1557036655362
2026.824219,84.4266264859429
2028.121094,81.9528726554688
2029.417969,81.4275944258322
2030.714844,78.5752519205398
2032.011719,74.1923236225305
2033.308594,70.1206188626085
2034.605469,69.6022684672674
2035.902344,63.8980867987684
2037.197266,64.6282589207826
2038.494141,64.5666761603952
2039.789062,61.7870857653572
2041.083984,61.4606697061283
2042.378906,58.9421181145561
2043.673828,61.8899954613254
2044.96875,62.6248336409142
2046.263672,66.018514098972
2047.556641,66.2539366815094
2048.851562,65.8499319652734
2050.144531,64.7392038267015
2051.439453,61.4378887124828
2052.732422,62.7636863766365
2054.025391,63.5463539058963
2055.318359,65.3609478643389
2056.611328,60.8486819102318
2057.902344,61.7554493943041
2059.195312,59.4041235218907
2060.486328,58.631819037518
2061.779297,57.7884371948066
2063.070312,54.1974148671467
2064.361328,58.0493280177215
2065.652344,59.9267587350471
2066.943359,63.3478618313243
2068.234375,65.5354519482615
2069.525391,69.8344341412384
2070.814453,69.321397197821
2072.105469,69.6765006713037
2073.394531,70.0579194797723
2074.683594,70.8722077657192
2075.972656,70.6163659382432
2077.261719,64.7741481288108
2078.550781,63.0403843189587
2079.839844,62.4198944135484
2081.128906,59.5825017010752
2082.416016,60.5167940536725
2083.705078,59.6398153938284
2084.992188,64.2826946730065
2086.279297,69.025066784494
2087.566406,74.1759994999372
2088.853516,75.5415491981487
2090.140625,73.8480135400564
2091.427734,71.1383392509856
2092.712891,65.9459801102588
2094,59.9172373184581
2095.285156,62.3250970950461
2096.572266,56.4657273868538
2097.857422,52.2946775048205
2099.142578,54.9426644233054
2100.427734,56.3298976966258
2101.712891,57.7535957018866
2102.998047,62.705914665779
2104.28125,65.6299845024142
2105.566406,72.1987408727699
2106.849609,74.652497132575
2108.132812,68.2611617542268
2109.417969,59.4638072207022
2110.701172,54.6580562336783
2111.984375,47.0739072691746
2113.265625,38.0779881921768
2114.548828,38.7393098855353
2115.832031,42.2590249447656
2117.113281,38.0732947182392
2118.396484,41.1892774592882
2119.677734,46.3701639036528
2120.958984,50.6523032117668
2122.240234,58.0804728426775
2123.521484,68.0058094737532
2124.802734,69.8091815608548
2126.083984,73.612245135346
2127.363281,70.6128364208832
2128.644531,65.3837881931792
2129.923828,64.6880190006282
2131.203125,62.9080787496523
2132.482422,56.5784854064798
2133.761719,56.8448549127008
2135.041016,58.19948702469
2136.320312,56.5226477029004
2137.599609,55.1382012687901
2138.876953,57.9438392581499
2140.15625,56.1186748122539
2141.433594,59.3856118582966
2142.712891,61.5807892758594
2143.990234,64.4572326363357
2145.267578,59.8152832737449
2146.544922,62.8183483596942
2147.820312,63.2303906727227
2149.097656,63.0014347502825
2150.375,61.1504630639735
2151.650391,57.7082807539762
2152.925781,55.8547679349142
2154.203125,59.5908181798654
2155.478516,57.1134347797916
2156.753906,54.6805299397617
2158.029297,55.9678669473739
2159.304688,55.8943557713859
2160.578125,56.2919885067694
2161.853516,60.9399972325156
2163.126953,63.1760036079655
2164.402344,61.9003867721788
2165.675781,62.3014427304146
2166.949219,65.9476149678653
2168.222656,63.6002929252338
2169.496094,62.0530119165872
2170.769531,60.9247823097739
2172.041016,60.1828914784334
2173.314453,55.6214774833997
2174.585938,54.9085184340604
2175.859375,51.5871364772726
2177.130859,49.732139954301
2178.402344,51.7628319649614
2179.673828,54.9396665651363
2180.945312,54.317178206503
2182.216797,52.0804333895419
2183.486328,49.6805863929585
2184.757812,49.3243081194023
2186.027344,50.3596460438431
2187.298828,46.8712846511726
2188.568359,47.7595599965655
2189.837891,50.3906523846752
2191.107422,50.8983232617062
2192.376953,52.299372532598
2193.646484,53.1539955192542
2194.914062,59.9453788386927
2196.183594,66.619164821534
2197.451172,64.9684363275409
2198.720703,67.7557041187855
2199.988281,70.4599124559329
2201.255859,67.5752011548948
2202.523438,65.74831043011
2203.791016,64.3678886090809
2205.058594,68.3313206177306
2206.324219,62.8750293189091
2207.591797,61.019589909172
2208.857422,61.7377310868519
2210.125,57.3282745777491
2211.390625,53.4051370122336
2212.65625,56.2002137836748
2213.921875,55.9798645586631
2215.1875,55.7954822036094
2216.453125,58.9727844076966
2217.716797,54.8941630890059
2218.982422,59.6280112023221
2220.246094,63.7864672714939
2221.511719,60.8172539356029
2222.775391,60.4953233699257
2224.039062,60.9680202545933
2225.302734,65.393141670294
2226.566406,64.4287125953071
2227.830078,62.5842333844879
2229.09375,56.1468461591577
2230.355469,53.3750553699126
2231.619141,52.5476827075769
2232.880859,54.0357253189488
2234.142578,51.9246585523162
2235.404297,49.8738413368938
2236.666016,50.8797225018499
2237.927734,50.2933729217773
2239.189453,53.5449895074842
2240.451172,53.7426317185889
2241.710938,49.8498789717215
2242.972656,49.4919144541726
2244.232422,56.3743360148287
2245.492188,54.2699031095182
2246.751953,54.2208367761694
2248.011719,50.4061106396974
2249.271484,46.2260562917197
2250.53125,49.7864289387256
2251.791016,48.6135277016856
2253.048828,48.3051689824139
2254.308594,50.4457694666117
2255.566406,51.5330493505129
2256.826172,52.557415743036
2258.083984,54.82666808367
2259.341797,55.3920345978909
2260.599609,50.0868890741112
2261.855469,45.4480232093989
2263.113281,49.253117681976
2264.371094,54.3252852559651
2265.626953,48.4105287650178
2266.884766,49.7170415443455
2268.140625,47.8508327189126
2269.396484,42.4472501437889
2270.652344,42.3311887564978
2271.908203,38.0715826303785
2273.164062,45.1548744702907
2274.419922,48.2516483622348
2275.673828,47.2145278790378
2276.929688,46.0571196531058
2278.183594,43.2911211752011
2279.4375,39.3087268350661
2280.693359,35.0316631959754
2281.947266,37.1040493658158
2283.201172,45.0903459294223
2284.453125,46.7391619144972
2285.707031,50.2594943589823
2286.960938,52.4363130924903
2288.212891,52.9100332551557
2289.466797,49.516595526398
2290.71875,46.7749184269068
2291.970703,50.1270830068402
2293.222656,49.6407257209228
2294.474609,44.6531970533407
2295.726562,39.2783002677869
2296.978516,35.4922156404454
2298.228516,30.0499642347799
2299.480469,27.2035148964094
2300.730469,23.0733151589201
2301.982422,22.9285592924387
2303.232422,27.10402619701
2304.482422,27.8369489175395
2305.732422,30.2744805594832
2306.982422,30.5447166997796
2308.232422,34.6274948379546
2309.480469,39.4841639980863
2310.730469,40.7464054915533
2311.978516,44.2385521304115
2313.228516,35.3522327807401
2314.476562,35.3551341641295
2315.724609,33.7514681804772
2316.972656,29.6176884603779
2318.220703,27.1295040328081
2319.46875,23.5214635752722
2320.714844,21.0274179180933
2321.962891,31.6009406222913
2323.208984,47.108915042302
2324.457031,58.0405645311765
2325.703125,68.4275441346407
2326.949219,74.8748262855198
2328.195312,83.3491747403022
2329.441406,87.2279647680285
2330.6875,83.0430618305715
2331.933594,78.355196520304
2333.177734,73.0640001340297
2334.423828,67.6262072195548
2335.667969,58.0889249513352
2336.912109,42.4022158084289
2338.158203,35.8681821387571
2339.402344,28.1714055910559
2340.646484,26.5543366567676
2341.890625,28.7001827714804
2343.132812,31.934525166309
2344.376953,31.7770684235337
2345.619141,27.1485799829129
2346.863281,25.6156822808385
2348.105469,24.8648504729428
2349.347656,22.9718382747299
2350.589844,27.0830379643264
2351.832031,29.1758849215427
2353.074219,34.7566342762357
2354.316406,32.8525927209979
2355.558594,32.249967756485
2356.798828,32.5831292883588
2358.041016,38.3273854680761
2359.28125,36.6128990782905
2360.521484,39.3701285732789
2361.761719,41.1543154306063
2363.001953,45.4219358363524
2364.242188,44.0116986240317
2365.482422,46.5328211565272
2366.722656,53.5546297266063
2367.960938,59.2117596917716
2369.201172,63.0749556761068
2370.439453,69.3202895130563
2371.677734,67.2578581997812
2372.917969,63.7769637112396
2374.15625,59.5012541735572
2375.394531,48.561634069516
2376.630859,39.8188492926793
2377.869141,35.8323835027685
2379.107422,32.6951388805655
2380.34375,34.1543993427717
2381.582031,32.9699257610541
2382.818359,28.2444076074722
2384.054688,24.3423889829921
2385.291016,29.0309195549975
2386.527344,36.8416593907069
2387.763672,39.1991074217064
2389,40.24954864579
2390.234375,45.8075450051429
2391.470703,46.0150517457699
2392.705078,44.9292337484623
2393.941406,47.4991943438513
2395.175781,42.5729079306454
2396.410156,44.6794382243095
2397.644531,51.4673026020627
2398.878906,52.9137988581698
2400.113281,53.719397864691
2401.345703,56.1747387993417
2402.580078,52.660603025428
2403.8125,51.1442822671431
2405.046875,49.4851820349709
2406.279297,49.2740781224947
2407.511719,45.2253445742227
2408.744141,48.8110117047975
2409.976562,50.3510491544856
2411.208984,51.5300203521048
2412.44043,54.0950629840882
2413.672852,61.248176312929
2414.904297,63.7325874821785
2416.134766,70.6826053959155
2417.366211,73.5610622314176
2418.59668,77.4675469570098
2419.828125,84.4432732986626
2421.057617,91.4523009264137
2422.288086,93.901264284835
2423.518555,98.8620182624072
2424.748047,103.637321444236
2425.977539,106.070908298406
2427.207031,113.930247300976
2428.436523,119.429822597409
2429.665039,121.692620065678
2430.893555,133.238182925159
2432.12207,133.225213008477
2433.350586,145.193651008604
2434.579102,150.822455977351
2435.806641,164.282703794105
2437.03418,174.982224926034
2438.261719,187.08061643724
2439.489258,197.420442346754
2440.716797,208.71396021763
2441.943359,218.928983574839
2443.169922,238.977333221234
2444.396484,255.879996485545
2445.623047,270.884191865017
2446.848633,290.010395154273
2448.075195,303.348071010202
2449.300781,313.055062776941
2450.526367,330.862957232233
2451.750977,332.823759341591
2452.976562,349.782651136765
2454.201172,356.681036452888
2455.425781,362.988154013827
2456.650391,368.050623940897
2457.874023,368.862585120939
2459.098633,370.24292617565
2460.322266,368.959867093824
2461.545898,365.539397422256
2462.768555,364.966162876404
2463.992188,359.221414248481
2465.214844,352.154759885958
2466.4375,343.941338535419
2467.660156,331.070874465933
2468.882812,319.332034855921
2470.104492,312.735849255915
2471.327148,297.836151081982
2472.548828,286.936196202072
2473.770508,271.625228943568
2474.991211,258.009507293171
2476.212891,248.306767475334
2477.433594,241.538876507045
2478.654297,234.468488697526
2479.875,224.236092458005
2481.094727,212.94204527649
2482.314453,200.491750934227
2483.535156,197.75806851481
2484.754883,192.542132503455
2485.973633,186.799619299842
2487.193359,175.620678082062
2488.412109,172.054088415177
2489.630859,167.823621473608
2490.849609,163.914503296418
2492.068359,159.613670462545
2493.286133,157.280573309954
2494.504883,156.176750552261
2495.722656,148.517597347647
2496.939453,147.303199590096
2498.157227,144.882162276029
2499.374023,136.966976774197
2500.591797,129.493050080624
2501.808594,121.5253218052
2503.024414,121.563179039306
2504.241211,114.032267875072
2505.457031,103.935570643652
2506.673828,90.0776214115035
2507.888672,82.9443284255363
2509.104492,76.1001410741925
2510.320312,69.6208045156568
2511.535156,67.8070379925064
2512.75,65.0151977520784
2513.964844,61.2296998320966
2515.179688,59.5224166263225
2516.393555,62.25270385876
2517.608398,65.7442594897065
2518.822266,64.546300277221
2520.035156,64.0483162898695
2521.249023,62.7681315728575
2522.462891,63.1553337067995
2523.675781,59.1432286350892
2524.888672,59.4511277989603
2526.101562,52.1182061185635
2527.313477,42.8472473262677
2528.526367,38.8413916813729
2529.738281,35.6059976892966
2530.950195,32.7466729274648
2532.162109,25.1127273983797
2533.373047,20.8347910146486
2534.583984,23.3240681279052
2535.795898,17.3334095027647
2537.006836,11.7476349910473
2538.216797,8.43685341676843
2539.427734,4.20350147265852
2540.637695,3.30846761950558
2541.847656,2.01644576210326
2543.057617,0.20715896004755
2544.267578,-1.23816679141857
2545.476562,-8.67208924306924
2546.686523,-8.96365815274259
2547.895508,-3.67042181442273
2549.103516,-2.70609924777908
2550.3125,-6.79697585262789
2551.521484,-8.16067560620284
2552.729492,-5.32524778892208
2553.9375,-0.939461825043774
2555.145508,-2.82723738593186
2556.352539,-2.47346072487175
2557.560547,-3.85272580170787
2558.767578,-0.642619480007275
2559.974609,4.33816098629085
2561.181641,3.07372111950893
2562.387695,-0.482804989839861
2563.59375,-2.2539556910976
2564.800781,-3.08679582211306
2566.006836,-0.614099163088731
2567.211914,-4.39223818921805
2568.417969,-2.0849313684256
2569.623047,-1.08565496326543
2570.828125,1.01648752046599
2572.033203,-0.932217748761674
2573.238281,-2.30469588168317
2574.442383,-7.81461991217782
2575.647461,-7.78483716400947
2576.851562,-11.5954783869544
2578.055664,-6.7021381193659
2579.258789,-8.12397461506405
2580.462891,-9.93452023119837
2581.666016,-7.3185064850708
2582.869141,-3.64665725486811
2584.072266,-3.1234668006212
2585.275391,-3.72182372967259
2586.477539,-2.55301679311937
2587.679688,1.64988344691563
2588.881836,4.80143395742301
2590.083984,3.5820860209798
2591.286133,1.77591611108726
2592.487305,6.22600167679382
2593.688477,6.37661194398564
2594.889648,15.8083674829917
2596.09082,18.7155014847345
2597.291992,19.834612745652
2598.492188,21.6697492215514
2599.692383,33.7910265563903
2600.892578,45.5744541997475
2602.092773,52.1809612733289
2603.291992,62.6295544381174
2604.492188,77.9332513124588
2605.691406,88.0411919272354
2606.890625,102.345176042378
2608.088867,113.552084348739
2609.288086,121.693468979363
2610.486328,133.903038769978
2611.68457,151.777452689688
2612.882812,166.207732525698
2614.081055,182.925415139293
2615.279297,195.865008317284
2616.476562,204.183032464887
2617.673828,220.660111062262
2618.871094,240.025360203027
2620.067383,263.762191436464
2621.264648,289.979081675371
2622.460938,321.219786350858
2623.657227,357.188943832146
2624.853516,385.553550831298
2626.049805,418.703843029057
2627.245117,445.620480636813
2628.44043,484.023522882289
2629.635742,531.75341223839
2630.831055,592.536255137716
2632.026367,647.215522321628
2633.220703,700.831975181126
2634.415039,756.639152351321
2635.609375,818.350223079997
2636.803711,891.126368660809
2637.998047,962.050122034532
2639.191406,1051.00866080911
2640.384766,1139.33751908407
2641.578125,1230.71465194828
2642.771484,1335.5224309612
2643.964844,1438.46809419443
2645.157227,1541.56869176567
2646.349609,1653.54841668151
2647.541992,1777.14060183781
2648.734375,1928.25717467441
2649.926758,2094.70740349476
2651.118164,2262.39156353272
2652.30957,2453.55229690212
2653.500977,2657.32514324231
2654.692383,2879.63369010441
2655.882812,3101.33425833074
2657.074219,3330.03575248075
2658.264648,3588.57411736096
2659.455078,3856.83642774756
2660.644531,4121.01468486462
2661.834961,4390.83686977747
2663.024414,4678.5968304918
2664.213867,4946.38891942592
2665.40332,5222.75988337414
2666.592773,5500.53338298198
2667.78125,5805.98926904713
2668.970703,6080.16157115359
2670.15918,6335.48114766244
2671.347656,6574.60940112774
2672.535156,6793.42842584629
2673.723633,6988.87313825486
2674.911133,7160.80522373192
2676.098633,7293.3472703921
2677.286133,7420.59524340322
2678.473633,7488.71898268153
2679.660156,7510.24701139235
2680.847656,7497.38406627198
2682.03418,7461.65790893155
2683.220703,7361.66791211542
2684.40625,7241.45286256381
2685.592773,7093.53994994739
2686.77832,6919.74792930225
2687.963867,6688.54664294734
2689.149414,6439.06958035878
2690.333984,6174.45266307088
2691.519531,5906.33823758557
2692.704102,5619.2499456647
2693.888672,5310.10611322418
2695.073242,5013.04434301256
2696.257812,4729.44548244252
2697.441406,4421.54544199904
2698.625,4132.10464007784
2699.808594,3838.21419335799
2700.992188,3566.59139738233
2702.175781,3306.45532747623
2703.358398,3067.78769521578
2704.541016,2837.88463581187
2705.723633,2622.49146667761
2706.90625,2419.48020993846
2708.088867,2236.46232478118
2709.270508,2060.43995416198
2710.453125,1894.68659478586
2711.634766,1732.6110021146
2712.81543,1585.72186552343
2713.99707,1478.2483640876
2715.177734,1367.45878642548
2716.359375,1266.28640129346
2717.540039,1168.67873841987
2718.719727,1071.39831434095
2719.900391,994.462876220087
2721.080078,923.614965049775
2722.260742,851.893074068237
2723.44043,783.561099269165
2724.619141,726.596431963635
2725.798828,668.508423248264
2726.977539,621.881127117278
2728.157227,572.992297800862
2729.335938,529.528097524242
2730.513672,494.210593753417
2731.692383,459.347988814717
2732.870117,427.389931697353
2734.048828,401.987521127041
2735.226562,374.588662544232
2736.40332,346.728645852145
2737.581055,314.687109263669
2738.757812,289.042047963889
2739.935547,257.554929348631
2741.112305,232.55451559365
2742.288086,209.702213098942
2743.464844,190.867386396559
2744.640625,170.723675816691
2745.816406,161.229394373894
2746.992188,147.975775449805
2748.167969,134.550058508939
2749.34375,125.328904918633
2750.518555,114.928007868578
2751.693359,104.636865751426
2752.868164,95.8345327822278
2754.042969,93.7087841717201
2755.217773,88.1256509545915
2756.391602,73.139949454063
2757.56543,69.9760550602479
2758.739258,64.850066714737
2759.913086,61.6549195516694
2761.086914,55.8333203175036
2762.259766,53.5125145596844
2763.432617,45.5327946266443
2764.605469,37.8648825190251
2765.77832,30.7001651024566
2766.951172,24.5622081925992
2768.123047,21.5695947304537
2769.294922,18.9334170185038
2770.466797,11.9314729837606
2771.638672,4.21592845341759
2772.810547,7.15464410360436
2773.981445,-0.168245752788223
2775.152344,-7.79618446410273
2776.323242,-4.09626614973557
2777.494141,0.383570521267613
2778.665039,-2.56691926221523
2779.834961,-1.36691542240971
2781.004883,-4.10503170858803
2782.174805,-7.71784100714438
2783.344727,-7.78747151878403
2784.514648,-4.57563786448738
2785.683594,-0.835226834376863
2786.852539,-0.0346605711463346
2788.021484,-3.56209469642566
2789.19043,-4.79754539116679
2790.359375,-5.05294131358376
2791.527344,-3.25349450840136
2792.695312,-6.99871900377473
2793.863281,-8.03641063188704
2795.03125,-8.14598144079528
2796.199219,-4.93225484648462
2797.366211,-5.9099020763875
2798.533203,-4.77071786611478
2799.700195,-6.64752410735908
2800.867188,-3.22292738752407
2802.03418,0.87360676127823
2803.200195,3.57629034548011
2804.367188,2.8185812056059
2805.533203,1.65673683925107
2806.698242,-1.41644889646827
2807.864258,2.39546675368079
2809.030273,2.91800388721051
2810.195312,2.44825815786836
2811.360352,4.84802026682805
2812.525391,7.77256106451979
2813.689453,4.09957012404309
2814.854492,8.39626837228302
2816.018555,10.6332294546921
2817.182617,12.3419528498815
2818.34668,15.7133530083244
2819.510742,21.3966871042793
2820.673828,23.1906490966855
2821.836914,21.4034210129465
2823,19.4614299372554
2824.163086,20.7175098782245
2825.326172,20.1341402411025
2826.489258,20.8345378845126
2827.651367,12.7598916157858
2828.813477,10.1377139818636
2829.975586,6.72474493207702
2831.136719,4.45775295965813
2832.298828,0.291026196489992
2833.459961,-1.69524747970021
2834.621094,-0.125406161715412
2835.782227,3.98663658283697
2836.943359,13.4975402556674
2838.104492,18.087628524913
2839.264648,18.4858073328898
2840.424805,17.6693834349935
2841.584961,24.983304922076
2842.745117,29.3714923417873
2843.904297,31.008349588656
2845.063477,28.6431354954301
2846.223633,25.7816790106029
2847.382812,27.7676897639834
2848.541016,26.0068930166559
2849.700195,20.0783045935244
2850.858398,18.9637482982634
2852.016602,16.2717184518568
2853.174805,18.86562144042
2854.333008,21.4605355298703
2855.491211,23.6415136513129
2856.648438,16.1824670007716
2857.805664,14.1286184969454
2858.962891,12.7688513870372
2860.120117,13.7396037981673
2861.277344,10.2217814014776
2862.433594,14.3584270601733
2863.589844,17.3962173550287
2864.746094,25.8780884958166
2865.902344,33.2444377656655
2867.058594,37.1031089802644
2868.213867,41.4823466038833
2869.369141,50.2441540421789
2870.524414,54.089490510753
2871.679688,56.5655401318708
2872.834961,57.8707645080773
2873.989258,53.0692872202709
2875.143555,48.1552023177533
2876.297852,44.4324170590397
2877.452148,38.8660479204079
2878.606445,37.8888570436006
2879.759766,39.2798778314705
2880.914062,45.0784084369809
2882.067383,39.2886940531499
2883.220703,45.0514191123734
2884.373047,49.4121617960537
2885.526367,59.4004151225751
2886.678711,71.9135643862339
2887.831055,76.6552442449203
2888.983398,81.4467682986786
2890.135742,83.1781746110857
2891.287109,87.3262286329568
2892.439453,88.6480894695974
2893.59082,94.4697800076773
2894.742188,93.5571738152908
2895.892578,98.1172766415186
2897.043945,101.552904598733
2898.194336,103.278574266562
2899.344727,102.332640433911
2900.495117,100.337333065913
2901.645508,103.654607294388
2902.795898,102.975188176153
2903.945312,107.335176156748
2905.094727,110.364876165358
2906.244141,112.629045465508
2907.393555,116.707545351859
2908.542969,119.08408383072
2909.691406,125.250126276541
2910.839844,131.724722304046
2911.988281,143.422437759017
2913.136719,144.841633584323
2914.285156,150.362491187302
2915.432617,154.452761797733
2916.580078,158.224218048796
2917.727539,160.107753992666
2918.875,165.279626661954
2920.022461,160.189090986656
2921.168945,157.846523512383
2922.316406,160.905264115325
2923.462891,160.7577333003
2924.609375,163.417902371143
2925.754883,161.054129164897
2926.901367,167.536143836398
2928.046875,168.273428038747
2929.192383,174.433432680946
2930.337891,180.871917817336
2931.483398,178.077261214248
2932.62793,177.109462209951
2933.773438,180.882277577519
2934.917969,180.137449038577
2936.0625,185.69717962659
2937.207031,189.187411057521
2938.350586,186.699879775071
2939.495117,188.131819735875
2940.638672,189.268391816343
2941.782227,190.431102622606
2942.925781,188.363745629526
2944.068359,192.839197836642
2945.211914,197.160685402864
2946.354492,196.549852335826
2947.49707,197.784206999049
2948.639648,193.934625717488
2949.78125,190.078825510671
2950.923828,186.001711946351
2952.06543,184.605175316165
2953.207031,178.481712350647
2954.348633,178.072970957165
2955.490234,165.431070773896
2956.630859,156.526133855263
2957.772461,143.12346047766
2958.913086,135.825819556264
2960.053711,126.763824527343
2961.193359,119.494603769535
2962.333984,121.092216058275
2963.473633,110.43652273621
2964.613281,110.307483621721
2965.75293,107.680178709618
2966.892578,108.271940982673
2968.032227,105.749200936533
2969.170898,102.342350457197
2970.30957,103.833925345614
2971.448242,99.1741614269775
2972.586914,99.036027976587
2973.725586,91.5591536904861
2974.863281,96.9660528004272
2976.000977,95.7424146845379
2977.138672,94.6697302659606
2978.276367,88.8392832580097
2979.414062,88.3051559475754
2980.550781,81.5568707667946
2981.6875,73.6763356197305
2982.825195,71.6618185868282
2983.960938,70.4067685708476
2985.097656,70.1610407115748
2986.234375,60.7042305165234
2987.370117,55.8200947749833
2988.505859,51.9449015028005
2989.641602,49.7131831861314
2990.777344,52.664522307
2991.912109,54.3240811456593
2993.047852,62.1760649636871
2994.182617,61.9092517637135
2995.317383,60.69979240828
2996.452148,63.2308446330234
2997.585938,65.5723251184159
2998.720703,63.8322201725746
2999.854492,63.5130844363109
3000.988281,61.3511328109517
3002.12207,63.9630522394828
3003.254883,65.1274786170593
3004.388672,59.6685633094854
3005.521484,59.9691203973995
3006.654297,62.9300294945086
3007.787109,69.718811288482
3008.919922,68.7700408447621
3010.051758,68.5257200320187
3011.18457,66.4199064104442
3012.316406,65.4428786504429
3013.448242,68.1528012324475
3014.579102,67.0784255117688
3015.710938,62.0064866702193
3016.841797,58.1005928400783
3017.973633,53.4182561255006
3019.104492,49.4044232117567
3020.234375,52.7549223730883
3021.365234,50.6170900822729
3022.495117,46.4992479181519
3023.625977,53.1571920953122
3024.755859,55.1962470929934
3025.884766,52.3627859296666
3027.014648,44.1669492053706
3028.144531,41.1801662799214
3029.273438,36.2424726906326
3030.402344,34.8366320719498
3031.53125,37.9542925458471
3032.660156,33.3535886253614
3033.788086,31.4753746375773
3034.916016,35.9672361578963
3036.044922,31.5089750868064
3037.172852,35.3524974170339
3038.299805,41.2379669940025
3039.427734,39.2444519577826
3040.554688,41.8442986407289
3041.681641,50.940876701361
3042.80957,49.6801253726764
3043.935547,49.1256039913902
3045.0625,48.6102274603477
3046.188477,58.5185029220138
3047.31543,60.8752251377285
3048.441406,63.3210423372392
3049.567383,65.8263833850046
3050.692383,65.8684266056755
3051.818359,67.4374573710049
3052.943359,65.2836742421376
3054.068359,59.3997792466367
3055.193359,60.7277267239538
3056.318359,62.5700099870438
3057.442383,61.2563057796817
3058.567383,62.0419005836285
3059.691406,60.1894134770621
3060.81543,60.8066383798985
3061.939453,61.1945718581103
3063.0625,65.8507448834857
3064.186523,70.5635704299872
3065.30957,68.2339431285143
3066.432617,67.9243086490495
3067.555664,70.6106897571828
3068.678711,68.1365104233998
3069.800781,68.5107558212146
3070.923828,60.1925988887717
3072.045898,53.5601616175973
3073.167969,50.716125869174
3074.289062,52.687971777091
3075.411133,48.1908923352718
3076.532227,45.8661525345231
3077.65332,42.0733299295563
3078.774414,45.4613914712387
3079.895508,46.6122943951814
3081.016602,48.1439806174976
3082.136719,48.1494399941577
3083.256836,50.0479032007953
3084.376953,53.7213359445652
3085.49707,58.9985240891287
3086.617188,57.6880566373914
3087.737305,60.3580483929419
3088.856445,54.2190454826596
3089.975586,49.3887399533687
3091.094727,53.6454707635398
3092.213867,56.0594085903499
3093.332031,53.0565311667577
3094.451172,51.8592584259645
3095.569336,51.7095983896799
3096.6875,54.4018256670695
3097.804688,54.6231866161949
3098.922852,45.7688330139554
3100.041016,48.4815209470646
3101.158203,51.2647390986759
3102.275391,50.9749372634636
3103.392578,52.9043174073854
3104.508789,51.9872151886749
3105.625977,51.2663277260479
3106.742188,52.030778140153
3107.858398,52.9035768219883
3108.974609,58.3183389847876
3110.09082,59.1935074415874
3111.207031,56.1078817902218
3112.322266,59.4155249710677
3113.4375,63.779402818098
3114.552734,66.2419168631997
3115.667969,65.9711074221534
3116.783203,59.8460124479275
3117.897461,63.0953771413972
3119.011719,62.8929326198743
3120.125977,57.5292794553477
3121.240234,55.706165907288
3122.354492,55.0048926910605
3123.46875,56.1799528193083
3124.582031,60.0625023842417
3125.695312,64.5740059349177
3126.808594,65.9167387689982
3127.921875,61.9959767024971
3129.03418,58.6525137251947
3130.147461,63.589071455125
3131.259766,62.995972188853
3132.37207,61.5025536947152
3133.484375,59.5355576697067
3134.595703,58.0172153786369
3135.708008,58.5971171584824
3136.819336,61.6091336644279
3137.930664,60.9635440074454
3139.041992,61.9227586399953
3140.15332,67.8535063796346
3141.264648,70.2527046723936
3142.375,71.2142444201844
3143.485352,74.6542233203529
3144.595703,75.0342378535061
3145.706055,77.0494250533779
3146.81543,75.151260276587
3147.925781,69.570359631974
3149.035156,62.8928717058254
3150.144531,56.6443178214043
3151.253906,55.1062490324586
3152.363281,54.7712530226009
3153.47168,58.2662604085512
3154.581055,56.9684219964659
3155.689453,57.8851029741817
3156.797852,56.4752301921798
3157.90625,55.607575230515
3159.013672,57.6912571476833
3160.12207,58.4078677201626
3161.229492,64.5995678341264
3162.336914,74.5238117110195
3163.444336,76.7749130145778
3164.550781,74.6283030457604
3165.658203,72.3845801341136
3166.764648,72.9731283883945
3167.871094,71.6294141800825
3168.977539,75.7009514450191
3170.083984,79.5245707091109
3171.189453,85.3490143578487
3172.295898,83.1845896031649
3173.401367,86.1021355712232
3174.506836,82.0561565906458
3175.612305,86.3527087038845
3176.716797,91.7503917257983
3177.822266,89.1382730171416
3178.926758,94.4343808522717
3180.03125,97.5684457180074
3181.135742,90.9420970810219
3182.240234,94.1234927066143
3183.34375,86.5879620346257
3184.448242,88.4737698169537
3185.551758,82.1554068955771
3186.655273,81.249955955867
3187.758789,76.3422920330539
3188.861328,70.2770131816251
3189.964844,65.1573449643776
3191.067383,59.4983007773635
3192.169922,55.5102077102982
3193.272461,53.9273035320279
3194.375,50.5466913362192
3195.476562,51.3692528110126
3196.579102,57.7816126808541
3197.680664,60.869514327268
3198.782227,59.7476011881262
3199.883789,66.556797627794
3200.984375,70.1580654975231
3202.085938,81.6314665137587
3203.186523,78.1174452122344
3204.287109,82.3498714012715
3205.387695,79.725596506232
3206.487305,80.5555001605366
3207.587891,84.3358863621438
3208.6875,87.7669255144046
3209.787109,90.0117047367022
3210.886719,88.3842227829517
3211.986328,94.3826893599431
3213.085938,100.688669568756
3214.18457,101.195373917726
3215.283203,105.179944294233
3216.381836,102.5694647248
3217.480469,108.956228233101
3218.579102,111.612843699187
3219.676758,113.90983587748
3220.775391,115.622193481682
3221.873047,113.27403982494
3222.970703,114.478430709448
3224.068359,123.11661821058
3225.165039,134.889663871422
3226.262695,145.993879970971
3227.359375,154.396702148262
3228.456055,161.916510629116
3229.552734,176.286178324768
3230.648438,186.505413211791
3231.745117,199.953783264212
3232.84082,224.429923193756
3233.936523,245.544902288757
3235.032227,266.280412854661
3236.12793,286.007459224987
3237.223633,308.911630525742
3238.318359,331.580494346891
3239.413086,343.105843744856
3240.507812,365.815416530541
3241.602539,389.289185544355
3242.697266,408.358123355889
3243.791016,421.464656797204
3244.885742,432.97249964247
3245.979492,438.937397218801
3247.073242,446.355141108572
3248.166016,444.625728373012
3249.259766,444.571729610445
3250.352539,447.165206596153
3251.446289,441.368841493066
3252.539062,430.768098104042
3253.631836,421.590311997614
3254.723633,406.004253477877
3255.816406,385.984828565576
3256.908203,356.683186311124
3258,337.658510024933
3259.091797,315.413247987615
3260.183594,291.56595813244
3261.275391,267.748711254489
3262.366211,243.232985741636
3263.457031,218.096383401418
3264.547852,199.579393732728
3265.638672,173.324696282955
3266.729492,155.768788601367
3267.819336,144.887904051625
3268.910156,130.348661480548
3270,124.943019972118
3271.089844,117.226354209981
3272.179688,104.020131385308
3273.268555,93.8056970527613
3274.358398,90.164001563301
3275.447266,85.9599823363155
3276.536133,77.0530203349425
3277.625,75.3493095028297
3278.712891,73.5207659704219
3279.801758,69.9650145678128
3280.889648,69.0319374525211
3281.978516,69.0291549808389
3283.066406,61.9756291688356
3284.15332,60.0099813301367
3285.241211,58.4146214840818
3286.328125,53.9364290117759
3287.416016,55.0095717011234
3288.50293,49.3034144754328
3289.589844,40.0477545295164
3290.675781,41.1703228112047
3291.762695,44.5455582070085
3292.848633,35.8825504985032
3293.93457,38.369017881615
3295.020508,42.0442419368824
3296.106445,46.9173955538852
3297.192383,49.2309369666585
3298.277344,47.5741184109001
3299.363281,43.9635652996918
3300.448242,41.5266732284704
3301.533203,40.3043314874073
3302.618164,44.3929160903907
3303.702148,44.6475956889097
3304.786133,41.125138720779
3305.871094,42.0125337499321
3306.955078,43.9221818516021
3308.039062,46.334236584891
3309.12207,46.4018165288371
3310.206055,45.4313733835376
3311.289062,49.9529418677788
3312.37207,49.066983372102
3313.455078,47.6247608059204
3314.538086,42.6875696744798
3315.621094,37.3118833896874
3316.703125,37.3990607647989
3317.785156,38.7320438169239
3318.867188,47.2967904478784
3319.949219,53.8800981832203
3321.03125,56.9480174437685
3322.112305,55.1288737766272
3323.194336,62.7883188893256
3324.275391,66.5408265902599
3325.356445,69.8303339236101
3326.4375,70.1235303933761
3327.517578,73.7034423497941
3328.598633,75.5972028181789
3329.678711,78.8202848535085
3330.758789,79.6817481229785
3331.838867,78.3703662554662
3332.918945,69.5493858093426
3333.998047,68.8891698415592
3335.078125,64.5789680740638
3336.157227,63.4335288303499
3337.236328,57.2265710593054
3338.31543,50.3797789119836
3339.394531,46.0273336513945
3340.472656,47.3724214857665
3341.550781,49.2920902075153
3342.629883,51.2880666778479
3343.707031,51.3299459804188
3344.785156,62.1755258306736
3345.863281,69.0197017856698
3346.94043,74.8579969219841
3348.018555,71.3840523450081
3349.095703,64.2537897064022
3350.172852,53.9383772840409
3351.249023,55.4171194602505
3352.326172,46.1433555484217
3353.402344,39.4939496802135
3354.478516,37.0474896414245
3355.554688,36.2371635389997
3356.630859,42.5413944616208
3357.707031,49.0409294295055
3358.782227,48.8456617934513
3359.858398,49.420313513983
3360.933594,51.8258984868774
3362.008789,56.7664932269745
3363.083008,56.5371047956375
3364.158203,58.8407934217614
3365.232422,56.6813597713336
3366.307617,54.4339189353164
3367.381836,45.7196161506493
3368.456055,45.6369492195721
3369.529297,39.5161364049203
3370.603516,44.8858998954167
3371.676758,46.718900516546
3372.75,50.2630959037778
3373.823242,54.3577119231564
3374.896484,63.4028255433293
3375.969727,62.1067131624957
3377.041992,62.2586563244437
3378.115234,64.3622892194582
3379.1875,61.0336148448562
3380.259766,57.8715101132266
3381.331055,60.461416918144
3382.40332,56.9676315027882
3383.474609,50.1888930620812
3384.546875,39.5589373909401
3385.618164,48.5293326012072
3386.689453,48.7343902185555
3387.759766,50.9768579543395
3388.831055,48.4006878783541
3389.901367,51.0852419043676
3390.97168,51.6658022374785
3392.041992,54.6228356663716
3393.112305,57.8944974748891
3394.182617,60.8836302783603
3395.251953,59.0748710478429
3396.322266,55.7297615191118
3397.391602,51.6160285572188
3398.460938,48.6483908828061
3399.529297,40.2463253034704
3400.598633,36.9314877560353
3401.666992,41.9889543126017
3402.736328,56.2982872983762
3403.804688,51.7107125145191
3404.873047,52.690078190327
3405.94043,55.7775252062448
3407.008789,55.2705905821656
3408.076172,50.0547218420141
3409.143555,48.3181679156836
3410.210938,53.3819539377071
3411.27832,48.1265888623708
3412.345703,41.9565719503219
3413.412109,39.8012818684319
3414.479492,34.022744981513
3415.545898,26.4751351028333
3416.612305,29.589476510717
3417.677734,32.9554710862602
3418.744141,40.380511171879
3419.80957,38.9346549885861
3420.875977,38.5737632248194
3421.941406,45.6845140089873
3423.006836,51.6019313073331
3424.071289,51.3637945031064
3425.136719,53.4737728161453
3426.201172,54.4001106830193
3427.266602,57.3616383415716
3428.331055,54.83653425894
3429.394531,53.6899729382897
3430.458984,50.6071369936983
3431.523438,55.0040612651665
3432.586914,51.2437609341627
3433.650391,53.1358548839005
3434.713867,45.7726322552834
3435.777344,43.1198283242721
3436.84082,39.282237223317
3437.90332,41.4016896521036
3438.96582,39.0631409076406
3440.02832,37.2685530450844
3441.09082,33.8497970767053
3442.15332,40.8448807295931
3443.21582,43.0123131617961
3444.277344,45.1531875326663
3445.338867,45.0581814886181
3446.400391,49.7975425437019
3447.461914,54.5007912594559
3448.523438,55.5927701873444
3449.584961,53.672109897992
3450.645508,54.8361846621173
3451.706055,52.9905621002589
3452.766602,55.4406046158148
3453.827148,54.9534935151307
3454.887695,56.0038422664038
3455.947266,48.9658895506796
3457.006836,46.3245992075002
3458.067383,41.3007773637973
3459.126953,45.2703819017887
3460.185547,42.0295530354406
3461.245117,37.5650578870659
3462.303711,42.498166998117
3463.363281,42.2648833506428
3464.421875,39.2076693204204
3465.480469,30.5014567534846
3466.539062,31.3441823534249
3467.59668,34.4674327904048
3468.655273,39.8928491519425
3469.712891,48.1655041380643
3470.770508,50.8053848955017
3471.828125,51.9973733375949
3472.884766,47.8069185635777
3473.942383,48.9051912470423
3474.999023,47.2474677161991
3476.056641,46.0021745951934
3477.113281,46.7937383976018
3478.168945,48.4304454434099
3479.225586,51.8336548778775
3480.282227,47.4875689011319
3481.337891,48.9238643109859
3482.393555,40.8329595863195
3483.449219,44.4159739539771
3484.504883,47.2361372489548
3485.560547,56.6966121141768
3486.615234,55.8610346019424
3487.669922,52.8477274935321
3488.724609,47.5208795033955
3489.779297,49.8683629269637
3490.833984,49.2947946984409
3491.888672,52.1703486026025
3492.942383,50.8057761956082
3493.996094,55.1447410689682
3495.050781,52.4806831329823
3496.103516,49.3312472613378
3497.157227,52.6018773721372
3498.210938,54.0882663685272
3499.263672,49.221609701495
3500.316406,51.6359444803731
3501.369141,50.4105216865546
3502.421875,54.5042226940992
3503.474609,48.3178571238005
3504.527344,39.8734747654471
3505.579102,34.8432709140287
3506.630859,41.0662132371745
3507.682617,42.9327494434945
3508.734375,44.7887448026105
3509.786133,44.1141030188135
3510.836914,42.1381419035139
3511.887695,39.9251624082259
3512.939453,38.50013068003
3513.990234,40.8122873468506
3515.040039,40.8195347879847
3516.09082,37.7630542788677
3517.141602,42.8244219600928
3518.191406,43.3896435029263
3519.241211,44.8504855120808
3520.291016,41.5719231463104
3521.34082,38.3033091604675
3522.389648,42.9316241877846
3523.439453,48.6966191521571
3524.488281,49.2579409725241
3525.537109,47.2175635703416
3526.585938,49.9589275428211
3527.634766,48.6150814786478
3528.682617,48.8448650271567
3529.731445,43.9236649921467
3530.779297,43.3811652971358
3531.827148,41.7833526409918
3532.875,41.6502654871755
3533.922852,46.3846776196181
3534.969727,42.8472078582905
3536.017578,45.8115165217802
3537.064453,47.3665974812476
3538.111328,49.8427605044742
3539.158203,50.1894917465531
3540.205078,48.814881857012
3541.250977,44.7995800097326
3542.296875,49.8471540990247
3543.34375,55.3429129343348
3544.389648,60.3766416090044
3545.435547,61.7943846323895
3546.480469,59.8556813822513
3547.526367,58.8876469488008
3548.571289,60.7294247875733
3549.616211,58.7590387037568
3550.661133,56.6256283002073
3551.706055,52.5011780888583
3552.750977,52.560351913837
3553.794922,52.5571107227299
3554.838867,50.6191467851228
3555.883789,46.8182993649593
3556.927734,47.3289109947513
3557.970703,44.9723227446136
3559.014648,54.4785575728629
3560.058594,58.4713861326599
3561.101562,60.6499232629475
3562.144531,60.9633073860949
3563.1875,64.3037539559476
3564.230469,63.6170624363133
3565.272461,68.4921196373101
3566.31543,63.2912294988538
3567.357422,61.1139458435994
3568.399414,62.2381495829656
3569.441406,59.90085084441
3570.483398,54.8107445377158
3571.524414,48.5411853991554
3572.566406,45.447142112024
3573.607422,44.2871079198752
3574.648438,41.6521134902928
3575.689453,45.5568068223951
3576.730469,45.2252585798178
3577.770508,46.8379579025289
3578.811523,48.6747255130867
3579.851562,50.7573228201609
3580.891602,50.0800875198333
3581.931641,51.9189547131891
3582.97168,54.8097530848192
3584.010742,55.6027260428146
3585.050781,55.4323799918273
3586.089844,55.090274565986
3587.128906,51.7544043012337
3588.167969,50.1946279676228
3589.206055,51.5486078300975
3590.245117,50.9593261732965
3591.283203,49.2001647154478
3592.322266,49.708320888774
3593.360352,47.2408999252659
3594.397461,47.3230741245072
3595.435547,46.2321685855352
3596.473633,45.7573095440555
3597.510742,43.3558540165817
3598.547852,48.5428817832843
3599.584961,57.100747608817
3600.62207,56.1481435146814
3601.65918,54.5912796333111
3602.695312,58.6779382477234
3603.732422,56.1099238412881
3604.768555,54.8825821976921
3605.804688,54.1319013186458
3606.84082,48.4791991291528
3607.875977,43.1073783382599
3608.912109,37.2866435612067
3609.947266,31.086744510956
3610.982422,30.3217168061855
3612.017578,25.9299577329929
3613.052734,30.4641324599005
3614.087891,35.1949868386072
3615.12207,43.1481941522101
3616.157227,49.0320442705206
3617.191406,47.7561671043272
3618.225586,45.058174464262
3619.259766,48.7008143489578
3620.292969,46.6368835630491
3621.327148,48.3451231644487
3622.360352,45.6532866686817
3623.393555,43.947707399798
3624.426758,43.60224952012
3625.459961,36.1810264192597
3626.493164,36.0897457523071
3627.525391,39.9651059017224
3628.557617,44.7012413274548
3629.59082,48.6282558649143
3630.623047,51.3641847418476
3631.654297,47.5582076960566
3632.686523,51.0250403421689
3633.717773,50.4465394381864
3634.75,50.8592068369958
3635.78125,51.6160182589596
3636.8125,49.3902260067038
3637.84375,52.8522679212546
3638.874023,47.0632291034383
3639.905273,46.6039901330452
3640.935547,42.3154309482226
3641.96582,37.7499621153476
3642.996094,36.3117561793958
3644.026367,33.6707783132502
3645.056641,30.1231344445944
3646.085938,29.5931451891661
3647.115234,35.1324701932017
3648.144531,32.3808649955818
3649.173828,44.7129214198825
3650.203125,50.816571347336
3651.232422,55.3766784538279
3652.260742,56.3717260925154
3653.290039,60.6543303049148
3654.318359,65.3003806228696
3655.34668,65.7526958885203
3656.374023,68.4362176521309
3657.402344,63.8452527682551
3658.429688,64.8662668211223
3659.458008,55.5392390795869
3660.485352,53.5371296922079
3661.512695,49.9113310217312
3662.540039,52.2940734622414
3663.566406,50.7160465893586
3664.59375,52.9481490911703
3665.620117,57.2279184571759
3666.646484,52.7219115691138
3667.672852,51.9501280379675
3668.699219,50.2091490812601
3669.724609,50.0101619835749
3670.750977,53.1274228262354
3671.776367,55.8986901070985
3672.801758,58.0081639881676
3673.827148,57.134755507094
3674.852539,58.4875779021169
3675.87793,53.2902168314024
3676.902344,56.3272450191398
3677.926758,53.002881840793
3678.952148,50.6799594873641
3679.975586,46.0455382017253
3681,47.1624767775958
3682.024414,40.162199959192
3683.047852,34.770704952655
3684.072266,32.3700764252294
3685.095703,29.2021497401018
3686.119141,28.3685493701236
3687.142578,30.4044815852831
3688.165039,36.0117536058602
3689.188477,35.4517046530951
3690.210938,38.3431263225093
3691.233398,43.2714880552265
3692.255859,50.1565912140389
3693.27832,54.3434201678448
3694.299805,57.3873102670495
3695.322266,58.45955059077
3696.34375,56.4739334983259
3697.365234,57.3519357587974
3698.386719,54.0655015662701
3699.408203,53.770384524817
3700.429688,49.399486382816
3701.450195,48.3900717861571
3702.47168,49.6293361644205
3703.492188,48.9087302416444
3704.512695,50.096671592979
3705.533203,44.5981246282721
3706.552734,49.40512679284
3707.573242,50.3585026334984
3708.592773,46.2471010751634
3709.612305,39.8940299566909
3710.631836,41.2179540401145
3711.651367,40.5472107510677
3712.670898,34.8878987909104
3713.689453,30.8282031697016
3714.708984,29.089566461567
3715.727539,30.541247064556
3716.746094,26.7538225464154
3717.764648,33.8122099776953
3718.782227,36.2057867790245
3719.800781,40.3124702695953
3720.818359,43.6475807745332
3721.835938,43.3135605382741
3722.853516,46.280091519512
3723.871094,44.1239791135639
3724.888672,37.0118847967201
3725.905273,34.885041166769
3726.922852,40.5527943822899
3727.939453,40.673514958507
3728.956055,44.3428514066331
3729.972656,41.4514557660149
3730.988281,45.2527542247043
3732.004883,50.9404286916
3733.020508,52.8774429924735
3734.037109,52.0477373699347
3735.052734,54.6045235519236
3736.067383,55.7766505220013
3737.083008,50.6421039886
3738.098633,48.6482999643339
3739.113281,47.3214987525692
3740.12793,39.5771958299348
3741.142578,34.8083700068115
3742.157227,35.0011613423422
3743.171875,35.7199306489547
3744.186523,36.6551116756817
3745.200195,37.4971381715564
3746.213867,37.9364438856115
3747.227539,37.6634625668801
3748.241211,36.368627964395
3749.254883,33.7423738271891
