x,y_final
999.935547,1809.51821334426
1001.416016,1693.36944031362
1002.894531,1589.05575138088
1004.373047,1495.44564602373
1005.851562,1411.40762371989
1007.330078,1335.81018394706
1008.808594,1267.52182618294
1010.287109,1205.41104990524
1011.763672,1148.34635459167
1013.240234,1099.47069491942
1014.71875,1047.06163616379
1016.195312,989.730244948982
1017.671875,940.656407801382
1019.146484,890.391775727092
1020.623047,838.901774198172
1022.099609,786.98220788238
1023.574219,740.640905556155
1025.048828,699.317899916723
1026.523438,653.962747984278
1027.998047,608.83042297518
1029.472656,564.29527018105
1030.947266,514.549016110362
1032.419922,467.098079176227
1033.894531,416.825394040678
1035.367188,367.698263249286
1036.839844,314.206825614169
1038.3125,266.876431457357
1039.785156,219.848673916772
1041.257812,180.917159651687
1042.730469,143.581897934276
1044.201172,117.181413038852
1045.671875,92.2916756665688
1047.144531,78.0199953094486
1048.615234,65.2450862971909
1050.083984,58.560831911193
1051.554688,52.3875665807702
1053.025391,44.8939523768923
1054.494141,43.6385215322518
1055.964844,44.2227142005867
1057.433594,42.5151757236046
1058.902344,37.6765190409951
1060.371094,33.6547076584004
1061.839844,33.9789586557396
1063.308594,35.9265167550016
1064.775391,38.7997154493032
1066.244141,42.7934340372944
1067.710938,44.8355435402349
1069.177734,41.4528829408433
1070.644531,39.5049899148572
1072.111328,38.4172101271557
1073.578125,38.6494015703178
1075.042969,36.0477170402183
1076.509766,30.5278348153961
1077.974609,28.4145289520338
1079.439453,27.4548049254544
1080.904297,28.3002965372398
1082.369141,23.5157703826567
1083.833984,25.4658321072387
1085.298828,26.1436645989138
1086.761719,26.1593126150571
1088.226562,29.0733469396949
1089.689453,29.7423294405494
1091.152344,27.7532101576552
1092.615234,26.3640154111151
1094.078125,25.8560935643977
1095.539062,28.3213085781809
1097.001953,29.1241326510541
1098.462891,27.6030648293495
1099.925781,27.166096801247
1101.386719,27.8081035303882
1102.847656,26.9745575082483
1104.308594,30.3903028079451
1105.769531,29.8012954486961
1107.228516,33.9881870227891
1108.689453,33.9770836244391
1110.148438,31.765363660757
1111.607422,32.5300123873867
1113.066406,32.969064221642
1114.525391,35.1721474584783
1115.984375,32.1804280524581
1117.443359,33.0591139300262
1118.900391,34.3962826796004
1120.359375,31.0563912145693
1121.816406,31.3654343729963
1123.273438,36.1900613301163
1124.730469,33.6741690494204
1126.1875,32.8889097368579
1127.644531,37.4045168899978
1129.099609,35.8425370652424
1130.556641,31.7909631356646
1132.011719,33.551807949764
1133.466797,33.1393530181504
1134.921875,32.4444915716674
1136.376953,32.735656045876
1137.832031,33.8647645125384
1139.287109,28.2670532090971
1140.740234,28.8178099951234
1142.195312,27.1269372043869
1143.648438,17.4400994107883
1145.101562,15.9287610355703
1146.554688,17.7642091950827
1148.007812,16.7964297046861
1149.460938,16.7548110922939
1150.912109,14.3408956588233
1152.365234,12.0668505267401
1153.816406,13.1077966332046
1155.267578,15.3362046293223
1156.71875,17.7413202208676
1158.169922,17.6744296101113
1159.621094,24.9370921780087
1161.072266,30.8803368976664
1162.521484,29.4066882733601
1163.970703,28.253695345393
1165.421875,26.69696803543
1166.871094,19.8075427558994
1168.320312,18.581221271613
1169.769531,19.3474917637338
1171.216797,21.1960569950745
1172.666016,16.8719118488187
1174.113281,15.05319173256
1175.5625,16.3003939525862
1177.009766,13.0844414308504
1178.457031,13.182286361619
1179.904297,16.6386220378133
1181.351562,15.0059212771401
1182.796875,20.2645043600085
1184.244141,16.2068360698614
1185.689453,17.4985552891464
1187.134766,13.2642444444512
1188.582031,16.9030614093642
1190.025391,8.95434310119326
1191.470703,7.82053734612655
1192.916016,11.37188138523
1194.361328,11.8134965041095
1195.804688,10.7350445173002
1197.248047,13.7055335379348
1198.693359,15.8088312270653
1200.136719,17.2031796978818
1201.580078,21.1745473713097
1203.021484,18.7724168165674
1204.464844,18.4053489785904
1205.90625,19.7223089566735
1207.349609,19.0988735455793
1208.791016,20.0405713963406
1210.232422,15.9347468664515
1211.673828,19.0722470907276
1213.115234,16.8330298107052
1214.556641,22.793929678069
1215.996094,27.6683175255301
1217.4375,23.1857514842042
1218.876953,25.679356542944
1220.316406,29.8437267707197
1221.755859,33.7944135287025
1223.195312,31.09073753734
1224.634766,31.584117466699
1226.074219,29.1326267423284
1227.511719,26.9899349305737
1228.951172,25.8872830932836
1230.388672,22.5144689783093
1231.826172,16.8959570095481
1233.263672,17.6011525787204
1234.701172,20.2110902641949
1236.138672,19.9136694836606
1237.574219,22.2237654607763
1239.011719,23.8553994211626
1240.447266,21.3889586699218
1241.882812,22.0546070218445
1243.318359,26.9424234433188
1244.753906,30.7052708139019
1246.189453,28.5512118686581
1247.625,35.3812338914834
1249.058594,33.7308017895982
1250.494141,37.4357124786302
1251.927734,44.5176510516523
1253.361328,46.7780050838571
1254.794922,48.262828942581
1256.228516,51.6630019074575
1257.662109,53.8853950018765
1259.09375,54.2739148094091
1260.527344,59.8220797922177
1261.958984,60.5855556923671
1263.390625,57.6626177752425
1264.824219,55.9763372978465
1266.255859,58.5909685423363
1267.685547,57.5696376538998
1269.117188,55.8116046793511
1270.548828,58.5465838240646
1271.978516,56.8382542343388
1273.408203,60.4303660665908
1274.839844,63.1065748578066
1276.269531,61.9681149977364
1277.699219,60.1648906899066
1279.126953,62.388831063394
1280.556641,63.7561853980501
1281.984375,61.7244230590056
1283.414062,62.036362136531
1284.841797,61.9088731858783
1286.269531,60.6598057217012
1287.697266,62.305483243205
1289.125,62.5780952657582
1290.552734,63.4681991301964
1291.978516,64.8868498781658
1293.40625,67.0583830513104
1294.832031,68.9327575074493
1296.257812,68.307273321183
1297.685547,72.2418953169701
1299.111328,73.348391513728
1300.535156,76.5970235093137
1301.960938,81.5811626505792
1303.386719,82.6890115065979
1304.810547,83.7803995069624
1306.234375,90.1497354740651
1307.658203,95.5972726631674
1309.083984,91.9098711736327
1310.505859,91.9102259016234
1311.929688,93.7251523561174
1313.353516,93.7644566434266
1314.775391,95.5545433595851
1316.199219,95.6474806985906
1317.621094,95.1949276823279
1319.042969,95.4704763058014
1320.464844,102.889699436325
1321.886719,106.113163620746
1323.308594,119.779632437798
1324.728516,135.026232398652
1326.150391,155.848620326963
1327.570312,175.440203947811
1328.990234,203.765369193652
1330.410156,228.211157507772
1331.830078,262.445657282535
1333.25,304.731747077062
1334.669922,354.466776084189
1336.087891,398.742624706399
1337.507812,441.747410589272
1338.925781,487.644807333866
1340.34375,520.839732674199
1341.761719,544.790076259064
1343.179688,561.594344849658
1344.597656,564.528852142466
1346.015625,562.429912350428
1347.431641,541.273576194138
1348.849609,515.227104861695
1350.265625,478.887791781159
1351.681641,447.006058608897
1353.097656,405.323281499602
1354.513672,373.269151681806
1355.929688,334.385296728445
1357.34375,305.56681345797
1358.759766,274.581010261529
1360.173828,249.243914666201
1361.587891,231.378713440336
1363.003906,203.551406867712
1364.417969,187.230680020941
1365.830078,174.736010145263
1367.244141,158.349405574382
1368.658203,144.178544712218
1370.070312,126.372451348326
1371.482422,115.842497109074
1372.896484,108.667583055956
1374.308594,104.182445871974
1375.720703,96.9615283258973
1377.130859,90.2451025519622
1378.542969,83.2592454368657
1379.955078,79.5879029773738
1381.365234,72.6045845303819
1382.775391,70.5812668982318
1384.1875,72.2673410462566
1385.597656,68.4288725856306
1387.007812,72.1910401522119
1388.416016,72.8495204180581
1389.826172,72.9891682101702
1391.236328,77.5653210379296
1392.644531,78.1622946623381
1394.052734,80.6369471596889
1395.460938,82.8667611272063
1396.869141,79.9049260254666
1398.277344,77.3889340138138
1399.685547,74.5508146744162
1401.09375,69.509767286067
1402.5,63.2297932413686
1403.90625,61.4921248668084
1405.314453,59.0068033889677
1406.720703,56.1610991100134
1408.126953,50.8121084275371
1409.533203,50.5609685118239
1410.9375,54.880838535521
1412.34375,59.0116035319765
1413.748047,67.4256037537967
1415.154297,65.6500985366148
1416.558594,62.6600568230577
1417.962891,58.7521723034227
1419.367188,57.0562310430878
1420.771484,57.0565120291988
1422.175781,52.543733995668
1423.578125,45.3913403763261
1424.982422,42.3889021324122
1426.384766,45.5009720741653
1427.787109,42.1263349378856
1429.189453,47.6326472682971
1430.591797,51.865088859186
1431.994141,53.0025756907337
1433.396484,57.6433727066993
1434.796875,61.6366333935739
1436.199219,65.342783764202
1437.599609,66.9102980245754
1439,69.8566234428445
1440.400391,73.2858573031466
1441.800781,80.591223320916
1443.201172,81.1136590381685
1444.601562,80.8883863433818
1446,84.9603301727136
1447.400391,84.0243801082013
1448.798828,86.8468923098186
1450.197266,83.6103905925865
1451.595703,85.4213570744527
1452.994141,84.0605794894066
1454.392578,75.9587452935016
1455.789062,73.0474147432405
1457.1875,70.5937410468165
1458.583984,68.6712179486983
1459.980469,69.0962519660933
1461.378906,62.5396835278421
1462.775391,62.7423463167968
1464.169922,59.3491707848463
1465.566406,57.0042801987486
1466.962891,55.2842508236844
1468.357422,52.1351149055243
1469.753906,43.6541949732021
1471.148438,42.9069293280391
1472.542969,36.2787614190312
1473.9375,38.2984704054628
1475.332031,40.8729967928902
1476.726562,42.5629055385375
1478.119141,46.5492219537899
1479.513672,48.1737560334893
1480.90625,47.5717923015603
1482.298828,49.3421429268797
1483.693359,45.9004704557327
1485.085938,45.4573294164088
1486.476562,40.6720310880409
1487.869141,42.183256548374
1489.261719,38.0317731091742
1490.652344,31.4157312869269
1492.044922,28.5791345552296
1493.435547,29.0035246587573
1494.826172,23.7533462502554
1496.216797,29.1971522731677
1497.607422,29.5647109897706
1498.996094,32.6510711227365
1500.386719,34.3215999809659
1501.775391,32.9536068187497
1503.166016,27.4340888696699
1504.554688,27.2181692455092
1505.943359,26.4258218698982
1507.332031,25.2562269570318
1508.720703,26.3820754215189
1510.109375,24.0995957636565
1511.496094,23.5635229453327
1512.884766,26.7192026358971
1514.271484,26.5034353078916
1515.658203,28.0794596320998
1517.044922,29.3787544424878
1518.431641,31.6892068663805
1519.818359,31.2271600935714
1521.205078,32.9271104987701
1522.589844,34.9439786519568
1523.976562,33.0711591925523
1525.361328,34.5961415234046
1526.746094,40.6247101305741
1528.130859,41.6680537117476
1529.515625,37.652999368722
1530.900391,38.8146279707902
1532.285156,35.375546542063
1533.669922,39.8744059237528
1535.052734,45.5775967995784
1536.435547,46.6203822355256
1537.820312,51.2279664662421
1539.203125,57.8743739694978
1540.585938,63.3715192636326
1541.966797,70.1085058751085
1543.349609,75.4539069005884
1544.732422,83.4820995898122
1546.113281,94.7089772605705
1547.494141,107.515137007236
1548.876953,115.33680434991
1550.257812,121.887380711404
1551.638672,133.106552828418
1553.017578,150.06887995744
1554.398438,166.517629807029
1555.779297,186.127173329038
1557.158203,207.097785248214
1558.539062,229.460026368689
1559.917969,257.824011959992
1561.296875,293.412199789029
1562.675781,332.113300778027
1564.054688,377.885423705819
1565.431641,424.857697840964
1566.810547,489.708044897314
1568.1875,568.631080679472
1569.566406,652.545912993503
1570.943359,751.800513921006
1572.320312,861.745929214424
1573.697266,983.858794810426
1575.074219,1119.90121607902
1576.449219,1267.65889197114
1577.826172,1425.32333714923
1579.201172,1585.54885186286
1580.578125,1764.45957732089
1581.953125,1917.15895051118
1583.328125,2050.92535574118
1584.703125,2145.73309873406
1586.078125,2205.5905151531
1587.453125,2208.86316860207
1588.826172,2168.92675788843
1590.201172,2082.54952630137
1591.574219,1944.15159226111
1592.947266,1774.16001259655
1594.320312,1569.93962662301
1595.693359,1360.09915654698
1597.066406,1151.89646758647
1598.439453,960.180445916345
1599.810547,789.805266887372
1601.183594,643.120261647787
1602.554688,539.416081019755
1603.925781,443.884268388339
1605.298828,380.32073141819
1606.667969,329.862424522798
1608.039062,295.964713773453
1609.410156,262.737372892724
1610.78125,241.987690585257
1612.150391,226.959820947051
1613.521484,210.961521038543
1614.890625,199.762513923502
1616.259766,192.480166370275
1617.628906,190.593054095906
1618.998047,188.049864905634
1620.365234,185.328309893603
1621.734375,179.60065671364
1623.103516,175.361337878454
1624.470703,174.498532931607
1625.837891,169.421314212559
1627.205078,163.382600670403
1628.572266,152.738747770733
1629.939453,140.350434817171
1631.306641,125.205925856359
1632.673828,108.918015808007
1634.039062,90.040476869455
1635.404297,77.0562366295583
1636.771484,61.4235841129313
1638.136719,53.6789692133492
1639.501953,40.6113513589422
1640.867188,36.6660066419773
1642.232422,29.2798221154
1643.595703,23.9896338046593
1644.960938,19.7846433481169
1646.324219,18.2565060341114
1647.6875,16.7262366897198
1649.052734,19.3459978560722
1650.416016,19.5011326793071
1651.777344,25.0633459598209
1653.140625,27.7653395282615
1654.503906,28.8532735190777
1655.865234,30.4876506778832
1657.228516,28.9119997793893
1658.589844,27.3164343073228
1659.951172,33.0890901692051
1661.3125,31.743191224654
1662.673828,36.546516843751
1664.035156,35.0323185438691
1665.396484,36.2941910211952
1666.755859,35.8022836562925
1668.117188,34.7403854762594
1669.476562,34.5777033543479
1670.835938,35.1729060441085
1672.195312,37.9140839445844
1673.554688,40.1976604917151
1674.914062,40.6235235835488
1676.273438,38.2015176879432
1677.630859,38.0544875193063
1678.990234,32.3009942904443
1680.347656,34.0326466680013
1681.705078,35.250564362332
1683.064453,28.2709629141347
1684.421875,25.5763679503102
1685.777344,20.7926167636468
1687.134766,19.8405642984087
1688.492188,19.0646616290621
1689.847656,12.3204352084947
1691.205078,10.9081956654579
1692.560547,5.12326932539238
1693.916016,4.18780983601051
1695.271484,4.00536662024736
1696.626953,8.44214572334132
1697.982422,12.7724110849096
1699.335938,18.0298415464011
1700.691406,17.2165717845754
1702.044922,26.5553735920535
1703.398438,28.8827131534395
1704.753906,26.6903477967719
1706.107422,27.512631765958
1707.458984,24.9079567105575
1708.8125,26.8672992183305
1710.166016,26.2841914121786
1711.517578,17.7780851695483
1712.871094,17.4949217936651
1714.222656,17.2966087622363
1715.574219,16.6287893153987
1716.925781,19.1749464225528
1718.277344,27.3592448042987
1719.628906,30.9387723805062
1720.980469,34.4477087254832
1722.330078,35.4654116724245
1723.681641,40.9115322269138
1725.03125,42.2785143137695
1726.380859,37.9805924448324
1727.730469,41.900153769916
1729.080078,42.1169497569167
1730.429688,43.2013838875858
1731.779297,44.9914675068927
1733.128906,44.2638038060751
1734.476562,49.5055077819676
1735.824219,50.2753717178823
1737.173828,44.6275176497453
1738.521484,47.854780124353
1739.869141,48.5391736227306
1741.216797,43.0881787253904
1742.5625,40.0444787672758
1743.910156,38.1347912352778
1745.255859,38.3005971272753
1746.603516,39.2555227409174
1747.949219,35.7971359729141
1749.294922,35.015482215568
1750.640625,27.680229166296
1751.986328,24.4043158047059
1753.332031,21.0944318894782
1754.677734,20.8681679865546
1756.021484,23.9531202916897
1757.367188,23.9399326745444
1758.710938,25.1268499900775
1760.054688,30.7725084721304
1761.398438,29.6422448959996
1762.742188,29.997259568333
1764.085938,34.4181718492592
1765.429688,46.4834407633928
1766.771484,51.3090260866956
1768.115234,52.2179074723577
1769.457031,50.2681589442805
1770.798828,46.5996869128778
1772.140625,44.1300045510682
1773.482422,43.5638553588719
1774.824219,40.5655642932437
1776.166016,39.9078178558914
1777.507812,37.086563248059
1778.847656,33.6192616243994
1780.1875,29.9380090569691
1781.529297,26.7849016722872
1782.869141,22.9857654957647
1784.208984,23.645039239668
1785.548828,28.0267358771493
1786.888672,35.7770088631904
1788.226562,32.9796532275788
1789.566406,34.9671499032069
1790.904297,36.3800766063809
1792.244141,38.5233192983504
1793.582031,36.6390417073858
1794.919922,39.597290232565
1796.257812,42.152445475742
1797.595703,41.3736916382452
1798.931641,39.0448184234283
1800.269531,41.4971834941151
1801.605469,42.0034432319081
1802.943359,44.4182183892741
1804.279297,47.8023766855487
1805.615234,46.8942047718282
1806.951172,45.8893311031699
1808.287109,44.271607297354
1809.623047,44.6417032431614
1810.957031,45.637156157858
1812.292969,40.9045953879425
1813.626953,38.3506935671507
1814.960938,36.8680125625413
1816.296875,37.3223532994955
1817.630859,32.1718042893845
1818.964844,27.0900659347084
1820.296875,25.6955008169934
1821.630859,27.6932483467121
1822.964844,29.3611759996652
1824.296875,29.7067554348272
1825.628906,32.3131746193741
1826.962891,32.0053904808967
1828.294922,35.999123413514
1829.626953,45.0346408763191
1830.957031,50.4107443566306
1832.289062,50.9179875472203
1833.621094,53.5629598348288
1834.951172,55.289143772328
1836.283203,56.6766422998883
1837.613281,57.4082555911935
1838.943359,53.5001211885968
1840.273438,56.156447425075
1841.603516,58.1220013121134
1842.933594,56.5156787701275
1844.261719,56.2488697773648
1845.591797,57.4313601425254
1846.919922,60.0612340597425
1848.25,59.0576910276354
1849.578125,59.2545708197475
1850.90625,63.6839395463814
1852.234375,62.3860351555554
1853.5625,59.0243484011403
1854.888672,64.8512208343684
1856.216797,62.8470620554053
1857.544922,65.5532396741971
1858.871094,70.8010261585882
1860.197266,72.5589369964815
1861.523438,76.7859721073394
1862.849609,78.4556187533191
1864.175781,75.2327960436189
1865.501953,72.9993569697172
1866.828125,78.3580814336168
1868.152344,77.8188865424709
1869.476562,74.0589647720732
1870.802734,74.9151147362779
1872.126953,74.3698450125206
1873.451172,70.027268368352
1874.775391,64.2717765896991
1876.099609,63.762086914946
1877.421875,57.8241734732521
1878.746094,59.1027468031099
1880.070312,60.771144294307
1881.392578,62.8260265215515
1882.714844,60.1202509329657
1884.037109,57.3916570265833
1885.359375,59.1316651789009
1886.681641,61.1027239998125
1888.003906,67.0108827855938
1889.326172,62.6317576801721
1890.646484,63.6569782115811
1891.966797,64.0863485311045
1893.289062,59.4377171718104
1894.609375,53.8417611772938
1895.929688,53.4848900753754
1897.25,50.6084613592853
1898.570312,53.5168098261951
1899.888672,53.8973600440514
1901.208984,54.0975914635941
1902.529297,58.2078485317653
1903.847656,57.321069715877
1905.166016,60.0950629928279
1906.484375,64.4231025019186
1907.802734,64.6326547563439
1909.121094,65.6441234320666
1910.439453,58.0381811411818
1911.757812,61.2711393205246
1913.074219,54.7802046724433
1914.392578,50.2571594894669
1915.708984,47.354868707833
1917.025391,46.8854584876207
1918.341797,47.7616267756367
1919.658203,48.1034140529541
1920.974609,47.4425476294971
1922.291016,51.7379244789289
1923.605469,51.9225113149381
1924.921875,51.8129521882595
1926.236328,52.382769507792
1927.550781,51.189824948048
1928.865234,50.5368161285588
1930.179688,43.5864197877318
1931.494141,38.2468523854287
1932.808594,46.6544287987397
1934.123047,43.1055443194256
1935.435547,48.9426345420085
1936.75,52.9505576747276
1938.0625,52.6310794941645
1939.375,59.1644556118567
1940.6875,61.5187623514178
1942,62.6519837691842
1943.3125,66.1373861146451
1944.625,61.3295656753398
1945.935547,60.2392438747603
1947.248047,57.3937191938962
1948.558594,57.8941861466412
1949.871094,54.063857916813
1951.181641,51.2932274061876
1952.492188,55.2165283945967
1953.802734,57.316902164339
1955.113281,52.0351186803606
1956.421875,56.9092911752852
1957.732422,58.7409660847641
1959.041016,55.010456252668
1960.351562,57.1084499751275
1961.660156,62.0937826092478
1962.96875,60.6011886751738
1964.277344,63.0814471816917
1965.585938,61.5533627452574
1966.894531,60.3084380964881
1968.201172,61.6033793014645
1969.509766,63.4407532855894
1970.816406,62.5804190804771
1972.123047,62.2289000444473
1973.431641,62.8904988093785
1974.738281,62.9517348452302
1976.044922,65.8614823651788
1977.349609,69.0373502294584
1978.65625,73.1720256394184
1979.962891,68.7174227502867
1981.267578,70.9700025411185
1982.574219,78.8404824194915
1983.878906,77.1158575893613
1985.183594,77.8936337890597
1986.488281,76.9901287391928
1987.792969,71.0529769266861
1989.097656,70.713985629166
1990.400391,69.1299881123383
1991.705078,72.1032700706337
1993.007812,71.2623838022379
1994.3125,72.6008720732376
1995.615234,73.5614442470774
1996.917969,73.6198692217211
1998.220703,67.0435920583491
1999.523438,66.2409916375294
2000.826172,65.2804387749225
2002.126953,62.6566180503137
2003.429688,62.4729398476469
2004.730469,58.6198904526797
2006.033203,56.7450999420783
2007.333984,54.16106993182
2008.634766,53.768168297987
2009.935547,55.4350864167167
2011.236328,56.6283000415418
2012.535156,60.0343460476154
2013.835938,62.2958036386573
2015.134766,60.6187000673865
2016.435547,64.2606734336902
2017.734375,62.9731327453825
2019.033203,61.809206384059
2020.332031,64.4430958179374
2021.630859,64.8222861409532
2022.929688,62.8111730277062
2024.228516,66.9171963855738
2025.525391,69.8676015248311
2026.824219,72.7035712051559
2028.121094,75.5439807444251
2029.417969,78.3569016046335
2030.714844,81.5849645969956
2032.011719,80.4744827558588
2033.308594,79.674410846048
2034.605469,81.3610050782709
2035.902344,76.5953831115182
2037.197266,78.0428305928957
2038.494141,73.307895899475
2039.789062,72.681950341382
2041.083984,65.1907844360631
2042.378906,59.8233102754885
2043.673828,59.0581390099257
2044.96875,53.7631300621847
2046.263672,52.3197311453929
2047.556641,49.6714557123171
2048.851562,48.9553588203746
2050.144531,48.9114366349341
2051.439453,47.5355977039098
2052.732422,45.287179976469
2054.025391,45.6562188783672
2055.318359,50.7873735385074
2056.611328,53.3636488776164
2057.902344,55.9032595990431
2059.195312,59.7196667321136
2060.486328,59.6847074635215
2061.779297,58.9782809401198
2063.070312,63.2806236684072
2064.361328,64.1182143680403
2065.652344,61.2895070703815
2066.943359,59.6313947723333
2068.234375,57.7073388999327
2069.525391,55.3121059758641
2070.814453,51.3349482660984
2072.105469,46.9833601028682
2073.394531,46.106750930655
2074.683594,42.4669177805441
2075.972656,40.0437894524215
2077.261719,38.113826355614
2078.550781,38.6188543520726
2079.839844,42.2178208736171
2081.128906,47.0265677656226
2082.416016,54.041297650835
2083.705078,57.6199441068958
2084.992188,56.7143790013351
2086.279297,56.371139579906
2087.566406,56.950844667445
2088.853516,58.6952995295817
2090.140625,60.0333366914336
2091.427734,59.3953772884098
2092.712891,57.9289059476458
2094,53.0452458301652
2095.285156,50.2832430841954
2096.572266,45.1756792282396
2097.857422,48.437227397753
2099.142578,52.1138338774934
2100.427734,50.4361423084548
2101.712891,54.4486981721934
2102.998047,54.726334455304
2104.28125,54.1384714113754
2105.566406,49.980672668517
2106.849609,46.9078019586768
2108.132812,45.7690179815073
2109.417969,41.5176019553804
2110.701172,42.8086193669336
2111.984375,42.5791171417186
2113.265625,43.2413825691214
2114.548828,40.7226905321526
2115.832031,41.1729093320864
2117.113281,41.0881502594833
2118.396484,45.2174706083206
2119.677734,45.007251471911
2120.958984,44.0444936190605
2122.240234,51.2567352191569
2123.521484,51.39300307416
2124.802734,49.5273894081108
2126.083984,48.1201569038742
2127.363281,47.5510518449588
2128.644531,47.9865202714413
2129.923828,47.1024356225409
2131.203125,45.7356876610093
2132.482422,44.4795571940491
2133.761719,43.4439181145661
2135.041016,43.083740231563
2136.320312,39.4957944868683
2137.599609,41.2749098230901
2138.876953,43.8423857640395
2140.15625,43.887051412489
2141.433594,48.1221138975784
2142.712891,50.6561623963531
2143.990234,50.9726727433492
2145.267578,57.055522153642
2146.544922,58.9066906708128
2147.820312,59.2297489629417
2149.097656,58.7664457907384
2150.375,55.6742031985236
2151.650391,48.3220779057115
2152.925781,49.888478418254
2154.203125,47.4181607503875
2155.478516,45.9007250391283
2156.753906,43.9992364402293
2158.029297,47.3688442132269
2159.304688,46.2628938602725
2160.578125,45.6703168993059
2161.853516,46.5346671676823
2163.126953,47.5371839168295
2164.402344,49.9361872461871
2165.675781,54.9696661187751
2166.949219,54.0438560103434
2168.222656,56.2366930521662
2169.496094,54.6413954796399
2170.769531,51.0883642727632
2172.041016,48.911184956589
2173.314453,53.1599596397469
2174.585938,43.8513927361451
2175.859375,43.9986020640257
2177.130859,41.1757484096886
2178.402344,38.3557936987362
2179.673828,35.3528410412176
2180.945312,36.0590275333942
2182.216797,37.5585699621956
2183.486328,38.3970000136926
2184.757812,37.9732241646123
2186.027344,43.3920091436135
2187.298828,46.0470770291391
2188.568359,47.2527034300248
2189.837891,49.114799969729
2191.107422,48.0508954603338
2192.376953,49.7991681036531
2193.646484,47.224958993352
2194.914062,44.6816314302765
2196.183594,50.4494913107858
2197.451172,48.4203079142219
2198.720703,50.8236497400953
2199.988281,50.6348054089091
2201.255859,49.6485332029369
2202.523438,52.9910748222072
2203.791016,48.1379015546448
2205.058594,47.8323648480867
2206.324219,48.1418286561106
2207.591797,48.0883465318314
2208.857422,50.1590008994179
2210.125,51.5312063917151
2211.390625,49.3658766985209
2212.65625,45.3807991878572
2213.921875,44.8846584697406
2215.1875,52.2175845164975
2216.453125,56.9598719738494
2217.716797,55.8860656064071
2218.982422,56.9129105651766
2220.246094,57.9623751400077
2221.511719,55.4381172673481
2222.775391,57.2531598428857
2224.039062,48.9578457941358
2225.302734,45.2663294372257
2226.566406,41.2510516596755
2227.830078,41.9676606342584
2229.09375,42.202737335691
2230.355469,39.5295825756351
2231.619141,37.5016099710326
2232.880859,38.2470957137352
2234.142578,36.8310583474856
2235.404297,40.4929424840177
2236.666016,38.9231667869091
2237.927734,35.1007666795566
2239.189453,37.8253757958159
2240.451172,36.6197562820189
2241.710938,34.7283342861966
2242.972656,34.5774555792522
2244.232422,28.3640527163094
2245.492188,28.1404395637719
2246.751953,25.0248841907374
2248.011719,32.2650978811775
2249.271484,37.6106179963162
2250.53125,39.0368139291963
2251.791016,42.6037460524689
2253.048828,40.9590485429221
2254.308594,33.5079663166983
2255.566406,36.7813796550205
2256.826172,33.9867062636155
2258.083984,37.2562654890968
2259.341797,37.7139599748138
2260.599609,37.6322404318455
2261.855469,38.0794664062548
2263.113281,36.7149209150433
2264.371094,36.402530929027
2265.626953,35.5913356229656
2266.884766,32.4554134834268
2268.140625,37.3263271211422
2269.396484,36.4769467685661
2270.652344,35.3044380848921
2271.908203,36.7132094707003
2273.164062,33.9766086023888
2274.419922,34.5834936593653
2275.673828,39.5951482268473
2276.929688,41.8491949627724
2278.183594,42.5631621740944
2279.4375,46.2397096149748
2280.693359,46.6260318313901
2281.947266,46.742007199326
2283.201172,49.7412497721387
2284.453125,48.0496240079534
2285.707031,46.1180810054125
2286.960938,40.7342444036201
2288.212891,36.648534513162
2289.466797,35.7594293088589
2290.71875,30.9047423018087
2291.970703,28.3276507432252
2293.222656,27.491845896731
2294.474609,23.8483304780212
2295.726562,25.5100828362638
2296.978516,26.6271946555874
2298.228516,26.4769058582021
2299.480469,29.7594978784037
2300.730469,30.5626992074648
2301.982422,36.4564859754951
2303.232422,42.4466450746421
2304.482422,43.2369164873811
2305.732422,51.5767959899886
2306.982422,54.0010631604006
2308.232422,54.5681442992649
2309.480469,53.2482660259483
2310.730469,48.9186766375753
2311.978516,47.1669938749584
2313.228516,42.301411445538
2314.476562,37.9525905590127
2315.724609,35.5646425856176
2316.972656,32.3539864948865
2318.220703,24.9940221448714
2319.46875,20.7636324982796
2320.714844,22.4135655649832
2321.962891,27.9895586868349
2323.208984,33.324851233936
2324.457031,42.3478653776654
2325.703125,58.9210404978567
2326.949219,63.5896767293711
2328.195312,68.7744533064445
2329.441406,72.8601066496836
2330.6875,72.3160711824526
2331.933594,69.5612027174954
2333.177734,62.9387658476871
2334.423828,55.813093485361
2335.667969,47.2421977254609
2336.912109,40.341081251526
2338.158203,30.8388131201534
2339.402344,25.8064747288345
2340.646484,24.4091309273451
2341.890625,26.8918805208277
2343.132812,25.2919696655216
2344.376953,30.5167606393774
2345.619141,34.7231395222816
2346.863281,34.9425040906291
2348.105469,44.9961797794943
2349.347656,49.3647398169569
2350.589844,49.6125410050862
2351.832031,45.4426185603789
2353.074219,36.2282665213012
2354.316406,38.0665641033078
2355.558594,38.8295327093344
2356.798828,38.8362708075321
2358.041016,35.6455801243935
2359.28125,33.1187479913235
2360.521484,30.7256438643594
2361.761719,29.407258894005
2363.001953,27.4102181195212
2364.242188,28.129238582066
2365.482422,32.6737552411998
2366.722656,37.5386190344174
2367.960938,41.0841510794747
2369.201172,40.9742897049476
2370.439453,38.7722252922706
2371.677734,32.5620066885849
2372.917969,35.7988778275483
2374.15625,42.790141817578
2375.394531,43.0899864305923
2376.630859,43.1159689664856
2377.869141,40.5758930045507
2379.107422,40.3968403352897
2380.34375,39.5879407389318
2381.582031,36.3918545153824
2382.818359,38.7054411337086
2384.054688,39.5839898330588
2385.291016,42.1070713866194
2386.527344,38.5030746036237
2387.763672,35.7899607490268
2389,32.3717879939463
2390.234375,30.7702568851017
2391.470703,30.6399519711683
2392.705078,34.3174170893152
2393.941406,31.4145360374232
2395.175781,33.9270400893678
2396.410156,33.948077285462
2397.644531,38.5503048057235
2398.878906,41.4584966230622
2400.113281,40.499008114861
2401.345703,42.7721518901642
2402.580078,51.9074800092741
2403.8125,52.1840758004614
2405.046875,54.5675480183173
2406.279297,56.2718461803853
2407.511719,58.055370377348
2408.744141,58.0144691936112
2409.976562,62.2661959248632
2411.208984,63.4991928475474
2412.44043,61.223616732423
2413.672852,58.3747791164079
2414.904297,56.2752744270523
2416.134766,55.1359316783919
2417.366211,56.046060019042
2418.59668,51.2111756798878
2419.828125,49.0224920642339
2421.057617,51.0920751183453
2422.288086,53.7999936723791
2423.518555,50.31526617721
2424.748047,53.4233659656561
2425.977539,61.8097311236144
2427.207031,68.6490851401791
2428.436523,73.9163939041541
2429.665039,78.0031761386441
2430.893555,85.2883804502671
2432.12207,91.9425487007958
2433.350586,98.8719888800386
2434.579102,105.406292076589
2435.806641,116.185854196975
2437.03418,127.489771583829
2438.261719,135.681309714196
2439.489258,144.594766967483
2440.716797,155.469211758776
2441.943359,163.262266248944
2443.169922,167.2101026309
2444.396484,178.277413716128
2445.623047,194.129596062163
2446.848633,208.343873707184
2448.075195,217.420048803576
2449.300781,229.694365435969
2450.526367,250.920742482553
2451.750977,268.446530538006
2452.976562,288.492569614525
2454.201172,307.216926553639
2455.425781,321.969086241619
2456.650391,337.542771488282
2457.874023,342.730136314013
2459.098633,343.422385556286
2460.322266,342.671293166801
2461.545898,336.314413017455
2462.768555,329.067007187425
2463.992188,319.867158059636
2465.214844,312.453655837865
2466.4375,308.897323599101
2467.660156,297.698228312696
2468.882812,283.372084129668
2470.104492,278.397160518464
2471.327148,271.936718964293
2472.548828,263.798051228622
2473.770508,251.467039928938
2474.991211,238.376051931579
2476.212891,233.682815453747
2477.433594,220.109373619804
2478.654297,209.130914311271
2479.875,200.381737879368
2481.094727,196.713540447306
2482.314453,188.270512722908
2483.535156,182.43353009011
2484.754883,181.638988940792
2485.973633,182.41058424337
2487.193359,169.951663860976
2488.412109,163.285087926843
2489.630859,164.647092556611
2490.849609,155.536241422504
2492.068359,147.012978340576
2493.286133,137.514357102994
2494.504883,131.906223986586
2495.722656,126.768913295261
2496.939453,120.700099587369
2498.157227,116.360210319585
2499.374023,108.730033264507
2500.591797,109.795401390541
2501.808594,105.110772733092
2503.024414,104.009464122017
2504.241211,98.7976645733895
2505.457031,91.8398741287152
2506.673828,82.554032059422
2507.888672,83.8024950827803
2509.104492,77.89560192846
2510.320312,73.1875903874168
2511.535156,68.2314216299225
2512.75,67.5082120463144
2513.964844,63.6864768903464
2515.179688,54.4845196912604
2516.393555,53.4755087128448
2517.608398,48.9300507020824
2518.822266,45.7941232179358
2520.035156,46.6034969036336
2521.249023,44.6760462294127
2522.462891,39.6343568900631
2523.675781,39.7480344036338
2524.888672,38.9708075099585
2526.101562,35.088366399863
2527.313477,38.07885722899
2528.526367,35.3461479997424
2529.738281,38.1470785120614
2530.950195,36.3597916065851
2532.162109,38.1423203537251
2533.373047,27.8518252274366
2534.583984,22.7859757106982
2535.795898,22.4503911761452
2537.006836,19.1536124800494
2538.216797,16.6409309231464
2539.427734,11.1733507190331
2540.637695,13.1806251075046
2541.847656,12.6182640776099
2543.057617,15.1902434760967
2544.267578,8.85494905175809
2545.476562,8.14028007083303
2546.686523,8.11415670121974
2547.895508,8.47165674803115
2549.103516,10.2495618352383
2550.3125,7.65908590084567
2551.521484,6.62224369103702
2552.729492,4.20318889597648
2553.9375,1.5172813280875
2555.145508,2.73526737171863
2556.352539,-1.90477892492619
2557.560547,-0.986314928337165
2558.767578,-5.50754388398852
2559.974609,-3.82772770537666
2561.181641,-2.24197024690022
2562.387695,-2.91292159489648
2563.59375,-6.13313286979912
2564.800781,-2.86069513700141
2566.006836,0.632195568017726
2567.211914,5.50523913153829
2568.417969,5.84524541253622
2569.623047,7.72246525614568
2570.828125,5.43302939939199
2572.033203,4.16788183153647
2573.238281,0.17672226400784
2574.442383,1.92187729122921
2575.647461,0.730079344116266
2576.851562,-3.06587031990068
2578.055664,-5.80218267098053
2579.258789,-3.2232252218728
2580.462891,1.5680005444724
2581.666016,0.572925219580158
2582.869141,0.0601347476861081
2584.072266,0.592703183105985
2585.275391,6.20775236654961
2586.477539,6.82886751878805
2587.679688,8.21623199970966
2588.881836,11.2343200185878
2590.083984,6.89768699591996
2591.286133,11.5657137321442
2592.487305,13.0714637259773
2593.688477,15.872863481231
2594.889648,19.8389898250871
2596.09082,16.3510178447789
2597.291992,22.1722933261496
2598.492188,22.2930811395885
2599.692383,25.8150704601521
2600.892578,27.2173907549932
2602.092773,30.108882848253
2603.291992,29.5784366898505
2604.492188,33.7458980372109
2605.691406,35.2513200512836
2606.890625,40.3564806122137
2608.088867,45.0488378968688
2609.288086,48.6926844564032
2610.486328,54.2391960349975
2611.68457,65.3148543545934
2612.882812,73.5603431013496
2614.081055,79.5439746137775
2615.279297,89.3863591397382
2616.476562,98.5369542828879
2617.673828,105.754926384915
2618.871094,118.180184386635
2620.067383,132.619079567944
2621.264648,144.405256488873
2622.460938,155.492939181562
2623.657227,167.31023105918
2624.853516,173.134598681417
2626.049805,188.106641171051
2627.245117,202.776267496776
2628.44043,219.800256388049
2629.635742,242.000531133174
2630.831055,261.783731460132
2632.026367,281.8156249065
2633.220703,306.540255159492
2634.415039,338.546489754371
2635.609375,368.489521090062
2636.803711,399.5781945127
2637.998047,436.752630362018
2639.191406,475.102504791403
2640.384766,526.196014693517
2641.578125,578.021239377819
2642.771484,629.583155658774
2643.964844,681.359756533187
2645.157227,758.882668688065
2646.349609,828.107428961379
2647.541992,901.564433898974
2648.734375,991.920985810049
2649.926758,1090.13856209787
2651.118164,1201.0447270692
2652.30957,1318.23668943221
2653.500977,1436.96010015881
2654.692383,1580.56089835289
2655.882812,1724.95469090653
2657.074219,1884.20408586794
2658.264648,2057.8329758071
2659.455078,2260.21028891689
2660.644531,2459.6976677492
2661.834961,2668.64756763877
2663.024414,2909.2374190335
2664.213867,3140.82682853013
2665.40332,3380.77404389245
2666.592773,3634.0042975082
2667.78125,3905.25183122651
2668.970703,4181.98308145269
2670.15918,4444.10496698468
2671.347656,4710.39827070603
2672.535156,4966.94158743732
2673.723633,5233.49784810635
2674.911133,5472.22556802489
2676.098633,5692.56009485998
2677.286133,5896.63037986505
2678.473633,6058.47939024063
2679.660156,6171.64381863049
2680.847656,6248.48166613143
2682.03418,6300.37717400955
2683.220703,6272.69485186288
2684.40625,6234.93298562673
2685.592773,6158.29373530375
2686.77832,6035.11119016086
2687.963867,5876.34284694983
2689.149414,5686.33841509109
2690.333984,5471.47594430794
2691.519531,5241.66023056188
2692.704102,5005.93318856715
2693.888672,4743.79178722014
2695.073242,4482.56675172142
2696.257812,4203.3484231052
2697.441406,3917.77925057099
2698.625,3643.62144979805
2699.808594,3382.73993545531
2700.992188,3130.05004125919
2702.175781,2883.91817886146
2703.358398,2660.83396079312
2704.541016,2444.71086051851
2705.723633,2234.04090669598
2706.90625,2043.47807829368
2708.088867,1881.28799341667
2709.270508,1714.35547958445
2710.453125,1570.54757922994
2711.634766,1431.44701060584
2712.81543,1304.11173893122
2713.99707,1199.34357194816
2715.177734,1085.25660722322
2716.359375,995.854683700194
2717.540039,920.071056255938
2718.719727,855.134443498018
2719.900391,783.27113310041
2721.080078,721.775530376022
2722.260742,658.809555789493
2723.44043,602.996337943545
2724.619141,555.894326891712
2725.798828,517.580814373897
2726.977539,487.112392809067
2728.157227,449.653804072736
2729.335938,421.38339786391
2730.513672,394.914931557399
2731.692383,372.737852400089
2732.870117,344.023048070217
2734.048828,317.803646319759
2735.226562,295.410846432087
2736.40332,279.438741210848
2737.581055,263.49672711525
2738.757812,238.632595967425
2739.935547,218.973617864028
2741.112305,201.331466229161
2742.288086,179.793136814524
2743.464844,165.64151205575
2744.640625,157.357773520916
2745.816406,140.393946587679
2746.992188,134.277180167812
2748.167969,123.921631420636
2749.34375,112.093263080972
2750.518555,99.925035610943
2751.693359,90.4460609382521
2752.868164,86.7968540840148
2754.042969,81.1186163150365
2755.217773,80.5402651919112
2756.391602,77.4924010442607
2757.56543,72.9100834182904
2758.739258,69.7678264574492
2759.913086,62.0714877458986
2761.086914,55.8955405098896
2762.259766,56.7854760557121
2763.432617,51.8327280328055
2764.605469,47.0884271803142
2765.77832,44.7195254379214
2766.951172,39.8362492719472
2768.123047,38.5416278232503
2769.294922,39.3693065695969
2770.466797,39.8133513882121
2771.638672,37.1261028124642
2772.810547,36.1460072567547
2773.981445,36.1842196499092
2775.152344,29.4867050510203
2776.323242,20.6042086342679
2777.494141,16.647221767103
2778.665039,6.73853699833843
2779.834961,5.89620149164439
2781.004883,6.50203260184181
2782.174805,5.26917517387646
2783.344727,9.81038015389196
2784.514648,7.26952148820653
2785.683594,12.5669014135391
2786.852539,16.3454898721723
2788.021484,16.9038118093943
2789.19043,14.6076892694278
2790.359375,12.2903674192609
2791.527344,17.9054294108993
2792.695312,15.6638186197376
2793.863281,13.8289203172069
2795.03125,7.44862731805169
2796.199219,5.53183525485725
2797.366211,3.46296913560939
2798.533203,-0.267783464775224
2799.700195,-0.360075668651146
2800.867188,0.163373728298324
2802.03418,-0.806439527137169
2803.200195,-3.92893818489881
2804.367188,-1.05021643984167
2805.533203,0.14957572245723
2806.698242,-1.97279430880745
2807.864258,-2.628948860953
2809.030273,1.51855771515995
2810.195312,7.06558398542876
2811.360352,4.39680584978842
2812.525391,7.35309756742472
2813.689453,9.03131895711211
2814.854492,13.9002054514998
2816.018555,17.5955775731009
2817.182617,20.1548225921031
2818.34668,25.253112266996
2819.510742,27.5594579558856
2820.673828,24.1781251539481
2821.836914,27.8402587929937
2823,34.0142698736898
2824.163086,32.8510392909409
2825.326172,27.3428878730634
2826.489258,21.8220345571289
2827.651367,16.4571669661121
2828.813477,15.2865035313602
2829.975586,8.6997872528026
2831.136719,5.58978313743443
2832.298828,3.18356250584607
2833.459961,-0.250601700011165
2834.621094,-3.44485816101534
2835.782227,-1.09098675847482
2836.943359,1.50488443056119
2838.104492,2.73580415327446
2839.264648,2.65526797961842
2840.424805,11.4137412285212
2841.584961,13.2470021838197
2842.745117,16.1480229440861
2843.904297,19.6050758669521
2845.063477,25.2473550981323
2846.223633,28.1896496594022
2847.382812,37.0941151622251
2848.541016,30.8169669380361
2849.700195,29.0193742826052
2850.858398,25.3230101946702
2852.016602,21.7558015134604
2853.174805,21.1680874961722
2854.333008,25.5088925177594
2855.491211,26.2049489857448
2856.648438,21.4654605697738
2857.805664,19.7612659702731
2858.962891,22.4399363385808
2860.120117,19.7427762797902
2861.277344,22.0961139946382
2862.433594,23.3654763327453
2863.589844,25.1339074225267
2864.746094,24.1574475958643
2865.902344,23.3539187266327
2867.058594,21.250379561802
2868.213867,22.4343647386031
2869.369141,26.0048622022771
2870.524414,27.9925413646481
2871.679688,33.7510310320638
2872.834961,38.71074633443
2873.989258,38.0064558931437
2875.143555,40.4523755574271
2876.297852,43.8188054401916
2877.452148,43.8110026537343
2878.606445,40.3492897671309
2879.759766,39.1178021313368
2880.914062,40.4721804963827
2882.067383,41.3462165878252
2883.220703,41.4314802017543
2884.373047,40.0275643879304
2885.526367,42.6144395547912
2886.678711,41.5942860990507
2887.831055,46.8071421285889
2888.983398,46.9795400847068
2890.135742,48.002184262092
2891.287109,47.3122301488588
2892.439453,45.1532717733252
2893.59082,48.3710182014387
2894.742188,45.401865617557
2895.892578,45.1949948380143
2897.043945,46.1906842828769
2898.194336,49.0792127753256
2899.344727,50.9343104086378
2900.495117,54.831032085509
2901.645508,60.4712101533551
2902.795898,60.52195237095
2903.945312,62.0876998172016
2905.094727,63.2220300953344
2906.244141,63.9579253715353
2907.393555,64.2695203282075
2908.542969,61.5640705642395
2909.691406,59.5889773742557
2910.839844,56.6564232304173
2911.988281,57.3252898007316
2913.136719,56.6563840631123
2914.285156,60.0131984984198
2915.432617,60.0809412813223
2916.580078,62.4252155612467
2917.727539,63.6792891773461
2918.875,68.6127223852129
2920.022461,69.2736165156554
2921.168945,66.2492356533956
2922.316406,63.2350300344679
2923.462891,64.4147686992546
2924.609375,66.3848611021479
2925.754883,71.1905441234909
2926.901367,70.4588013918399
2928.046875,66.771587408867
2929.192383,68.0541281243103
2930.337891,68.725839677686
2931.483398,70.1462544718399
2932.62793,68.3590699201586
2933.773438,66.9803302101096
2934.917969,69.2345323116992
2936.0625,71.7073201487916
2937.207031,76.2420542363083
2938.350586,78.7614170164641
2939.495117,80.0960075881958
2940.638672,79.2299560618342
2941.782227,88.4707319142327
2942.925781,90.4692286353289
2944.068359,90.3972115487191
2945.211914,87.3294596322882
2946.354492,81.9704484255466
2947.49707,83.0548924567903
2948.639648,80.9606811724903
2949.78125,73.7921063550921
2950.923828,70.9810399187721
2952.06543,73.2840337606643
2953.207031,71.7210411470031
2954.348633,71.1147764059041
2955.490234,77.1633452478427
2956.630859,77.8084766931698
2957.772461,79.189706914647
2958.913086,78.1110591054801
2960.053711,81.9234563699126
2961.193359,78.6862483301764
2962.333984,76.7188692079343
2963.473633,75.1879342581397
2964.613281,73.338150047385
2965.75293,74.2236156875966
2966.892578,75.595112423627
2968.032227,73.1959488039737
2969.170898,75.9351081379648
2970.30957,73.210829273854
2971.448242,66.6828845875075
2972.586914,66.3103901360879
2973.725586,72.1328750212906
2974.863281,72.8514802759109
2976.000977,72.5622675956022
2977.138672,68.392631850652
2978.276367,63.3392139599151
2979.414062,59.8078691045601
2980.550781,61.130132563664
2981.6875,59.2578002975606
2982.825195,59.2966741172494
2983.960938,60.0896421606
2985.097656,61.346131982019
2986.234375,54.1912806119908
2987.370117,52.8750988536175
2988.505859,44.8852721121329
2989.641602,41.4679162657245
2990.777344,45.8865393241773
2991.912109,49.2537964391265
2993.047852,46.0241920765597
2994.182617,40.5285464865913
2995.317383,41.1771182611393
2996.452148,36.8420907466968
2997.585938,42.643374568702
2998.720703,48.9752644928408
2999.854492,49.6356454324104
3000.988281,56.3974341816461
3002.12207,61.262099871944
3003.254883,63.1632307998731
3004.388672,59.5747775921478
3005.521484,62.3805027633923
3006.654297,59.3934908135925
3007.787109,55.1515689627138
3008.919922,59.2098759243672
3010.051758,55.9064309433035
3011.18457,50.6461421702346
3012.316406,50.1331530680294
3013.448242,50.3063878826024
3014.579102,51.0395051893448
3015.710938,51.5409932331618
3016.841797,53.035738458781
3017.973633,54.8089958250377
3019.104492,56.7218375836719
3020.234375,56.4050435062074
3021.365234,55.6674014014323
3022.495117,55.0076349615512
3023.625977,54.1740775662553
3024.755859,50.2994712134948
3025.884766,46.4970253640842
3027.014648,52.2155767335123
3028.144531,54.0236658544331
3029.273438,55.4730929573428
3030.402344,57.7649512468892
3031.53125,60.1003024083598
3032.660156,62.6426555110224
3033.788086,61.1619921466301
3034.916016,62.7758774341783
3036.044922,64.3032578602599
3037.172852,63.8546386705082
3038.299805,68.1533773417953
3039.427734,68.2282261346615
3040.554688,65.8936147119977
3041.681641,62.6916922409883
3042.80957,58.8987132329326
3043.935547,58.869704181333
3045.0625,57.4909981769893
3046.188477,56.8356868275907
3047.31543,54.6224331380123
3048.441406,53.0943590695573
3049.567383,50.0806701472151
3050.692383,45.9489937428843
3051.818359,44.4694112392118
3052.943359,43.9488517354864
3054.068359,46.4600890427901
3055.193359,43.7002366391197
3056.318359,44.5966399188188
3057.442383,38.210680095595
3058.567383,39.8040768716566
3059.691406,42.5671190296262
3060.81543,41.5136887776055
3061.939453,39.0036172301265
3063.0625,38.2923294147958
3064.186523,37.8786504589015
3065.30957,34.0457774013267
3066.432617,37.0533664268399
3067.555664,40.2952142986215
3068.678711,42.0105684040656
3069.800781,44.65250658538
3070.923828,49.6090882184697
3072.045898,55.1245999383191
3073.167969,53.1663629169235
3074.289062,52.6728195200966
3075.411133,48.376923610138
3076.532227,49.9690942612456
3077.65332,52.9057358384581
3078.774414,51.3723045937194
3079.895508,47.7858499382061
3081.016602,47.7209332547531
3082.136719,44.1384612428883
3083.256836,43.9122206806082
3084.376953,44.4325808407275
3085.49707,45.7895717579011
3086.617188,48.026227032165
3087.737305,50.7632426547952
3088.856445,52.4414459678096
3089.975586,53.6358507984987
3091.094727,49.4388639903818
3092.213867,44.927563718955
3093.332031,40.9217164696021
3094.451172,40.736847961345
3095.569336,44.3484486573132
3096.6875,45.7317529510571
3097.804688,46.8278217439485
3098.922852,47.1730052521758
3100.041016,44.1734233718775
3101.158203,46.2390847771771
3102.275391,43.0309028827429
3103.392578,44.5327731781479
3104.508789,41.2698553953893
3105.625977,40.6898880585622
3106.742188,45.1572037660946
3107.858398,50.1707268859853
3108.974609,53.1840123814117
3110.09082,58.0802621610139
3111.207031,56.2395242772858
3112.322266,56.7002078518704
3113.4375,56.1358092066574
3114.552734,56.243412971645
3115.667969,55.5483745913115
3116.783203,47.9660347414333
3117.897461,46.1699111282642
3119.011719,44.9527785830691
3120.125977,37.9252194511407
3121.240234,30.7953134426257
3122.354492,26.6264439364639
3123.46875,30.8295454231024
3124.582031,36.6929503058975
3125.695312,35.1396934102963
3126.808594,36.6287914004985
3127.921875,37.721511954361
3129.03418,35.4709261729061
3130.147461,35.418078349301
3131.259766,36.518453825099
3132.37207,39.5516101421003
3133.484375,40.319549079299
3134.595703,40.937598157715
3135.708008,45.9996749043447
3136.819336,40.4735684447336
3137.930664,39.4739657695241
3139.041992,38.737586596235
3140.15332,39.4662452143652
3141.264648,40.0160467631454
3142.375,39.6272892788871
3143.485352,41.1705826314137
3144.595703,43.3698881165582
3145.706055,44.8424969778494
3146.81543,42.7779285763837
3147.925781,47.5597489839316
3149.035156,55.1154176919167
3150.144531,58.7159949438204
3151.253906,59.2825348332575
3152.363281,61.0690053241342
3153.47168,59.4861717535926
3154.581055,55.718572702812
3155.689453,56.6524240234298
3156.797852,51.4703327219084
3157.90625,41.6792223932671
3159.013672,38.4793803790427
3160.12207,34.4512993725144
3161.229492,34.889608945331
3162.336914,31.5315324512362
3163.444336,28.8651555201095
3164.550781,29.8731756129323
3165.658203,36.0472362619853
3166.764648,41.3932580399602
3167.871094,40.9717656188375
3168.977539,40.71625574456
3170.083984,41.8599183869041
3171.189453,47.0136117990704
3172.295898,51.8586917216825
3173.401367,52.6980609710411
3174.506836,53.0452672109669
3175.612305,52.8542993063195
3176.716797,49.4515411547725
3177.822266,49.8877060465205
3178.926758,54.2177395723195
3180.03125,51.7313323311569
3181.135742,54.2685597810387
3182.240234,59.359466682981
3183.34375,53.103065991231
3184.448242,51.7549991197284
3185.551758,49.7041189422985
3186.655273,54.6977196264177
3187.758789,57.9654578529887
3188.861328,61.7542539221023
3189.964844,62.1928865915319
3191.067383,62.722807034407
3192.169922,59.8932641382074
3193.272461,54.786789936609
3194.375,49.0359370297384
3195.476562,54.7315052124945
3196.579102,51.7466967425754
3197.680664,45.7595231964568
3198.782227,44.6887403421233
3199.883789,42.901298413996
3200.984375,40.7236335186215
3202.085938,46.8387390858549
3203.186523,52.4909060921108
3204.287109,57.6399361070337
3205.387695,55.1073470288633
3206.487305,54.659033137099
3207.587891,53.8089228895712
3208.6875,56.0762739547462
3209.787109,53.5775375981774
3210.886719,54.5315511834431
3211.986328,59.7615076254631
3213.085938,62.9100083102375
3214.18457,60.4362479646055
3215.283203,61.7372371854997
3216.381836,66.9749389055717
3217.480469,76.5881737174624
3218.579102,84.0004498859529
3219.676758,85.007624021911
3220.775391,83.6513069114473
3221.873047,82.2434759029873
3222.970703,83.0929658091723
3224.068359,83.6347574126316
3225.165039,81.2485956213282
3226.262695,84.6798184297822
3227.359375,85.2405650222041
3228.456055,88.028495808641
3229.552734,98.9988649434183
3230.648438,104.263540004082
3231.745117,110.468135268086
3232.84082,129.798139158296
3233.936523,148.964095812615
3235.032227,166.222900453235
3236.12793,183.729378038117
3237.223633,199.940538345439
3238.318359,216.29429086535
3239.413086,234.737068017587
3240.507812,251.362905582293
3241.602539,263.291550681839
3242.697266,276.691462322278
3243.791016,289.975632735267
3244.885742,309.116625808459
3245.979492,324.702698528618
3247.073242,335.874438608408
3248.166016,343.122348640877
3249.259766,348.968635830642
3250.352539,357.154447869982
3251.446289,353.870322534299
3252.539062,350.848009604934
3253.631836,346.924359040003
3254.723633,337.996828940129
3255.816406,323.374546919337
3256.908203,307.03115240429
3258,286.274479235426
3259.091797,264.799149313515
3260.183594,244.147579510223
3261.275391,219.997661283625
3262.366211,207.501455424369
3263.457031,186.423556255057
3264.547852,164.319803286936
3265.638672,147.404889697987
3266.729492,128.136520646913
3267.819336,111.060184395098
3268.910156,95.1364342405655
3270,91.2032877302038
3271.089844,87.5435644784317
3272.179688,84.1578412037674
3273.268555,79.0822444890334
3274.358398,76.1430835778907
3275.447266,72.0688437306239
3276.536133,72.5253354001404
3277.625,70.8087664578161
3278.712891,66.4183010466146
3279.801758,64.4809646729244
3280.889648,64.4585984488326
3281.978516,59.806378190816
3283.066406,52.5482417718331
3284.15332,46.8057938953337
3285.241211,41.4710158360145
3286.328125,39.4648588501252
3287.416016,37.0887084629849
3288.50293,37.522403073861
3289.589844,34.4689603196478
3290.675781,35.4513119803749
3291.762695,35.7120925011638
3292.848633,34.539038758218
3293.93457,39.6267321729036
3295.020508,44.6945536683155
3296.106445,42.1579125133582
3297.192383,49.463118695473
3298.277344,60.8304555413612
3299.363281,57.7791005209792
3300.448242,61.653615069482
3301.533203,66.3760677366131
3302.618164,65.0352310295695
3303.702148,68.587722148061
3304.786133,65.2359655487038
3305.871094,70.6230228383877
3306.955078,61.579251645013
3308.039062,61.2081018954463
3309.12207,55.3894958581322
3310.206055,53.9763912587576
3311.289062,49.1291348209274
3312.37207,47.0698429906923
3313.455078,40.6327272574744
3314.538086,40.3593097820216
3315.621094,36.9502062785838
3316.703125,33.8411672806786
3317.785156,36.5120012858349
3318.867188,38.1478522612693
3319.949219,38.8058218222275
3321.03125,42.9793972953869
3322.112305,41.3665337909874
3323.194336,43.8404394373933
3324.275391,44.7920915366418
3325.356445,52.5634261686341
3326.4375,52.6668149852557
3327.517578,52.2708622127415
3328.598633,48.8717886549767
3329.678711,48.502802570963
3330.758789,48.3524624972352
3331.838867,47.0838402242002
3332.918945,48.0578812950403
3333.998047,51.616371381036
3335.078125,49.8254316408725
3336.157227,50.4047720381386
3337.236328,47.0470840185253
3338.31543,43.4988811582429
3339.394531,42.3274538768804
3340.472656,44.579631110589
3341.550781,40.335358687113
3342.629883,41.088338396433
3343.707031,38.6912324555112
3344.785156,36.8574151747624
3345.863281,38.415677853791
3346.94043,40.4390073906072
3348.018555,39.5137253450639
3349.095703,42.0410171711764
3350.172852,42.8895660310442
3351.249023,48.2824357377333
3352.326172,42.9596215360122
3353.402344,46.2081404762664
3354.478516,47.0471144830983
3355.554688,52.3837093239098
3356.630859,49.8868649902864
3357.707031,52.1645519172815
3358.782227,52.5259775574704
3359.858398,64.4528367394421
3360.933594,65.9745061713595
3362.008789,67.5127074485222
3363.083008,65.0997922407517
3364.158203,61.0938581391705
3365.232422,55.2953837408398
3366.307617,57.1873532954524
3367.381836,52.7778964533781
3368.456055,49.5357362878517
3369.529297,46.4841735373037
3370.603516,47.9777724479038
3371.676758,45.8956322161522
3372.75,46.6604105943061
3373.823242,44.3089723765021
3374.896484,48.5170291302081
3375.969727,54.3029021506461
3377.041992,58.0366849063721
3378.115234,54.9907338330643
3379.1875,54.7585218857894
3380.259766,48.9538103840533
3381.331055,43.886621866987
3382.40332,47.1204002469841
3383.474609,45.0407828992052
3384.546875,35.9623822682487
3385.618164,37.7163400201482
3386.689453,37.1583785488719
3387.759766,32.6819190872389
3388.831055,33.8540509446538
3389.901367,37.2529750219939
3390.97168,37.4645832436752
3392.041992,43.6071970410041
3393.112305,49.3761645439215
3394.182617,53.6908145838184
3395.251953,57.5345191486249
3396.322266,56.346904565862
3397.391602,52.7229696769606
3398.460938,53.9660308307683
3399.529297,53.0770151683372
3400.598633,50.7913048953474
3401.666992,53.0101414640933
3402.736328,54.9910226203161
3403.804688,53.9916339785898
3404.873047,54.1738472733449
3405.94043,54.9911827457677
3407.008789,62.4358043228198
3408.076172,56.2732953763963
3409.143555,61.3618152577949
3410.210938,58.5910240635557
3411.27832,57.8345516515948
3412.345703,52.5750579494845
3413.412109,47.7516832404275
3414.479492,48.9318612638164
3415.545898,50.3535725459004
3416.612305,50.4022444237341
3417.677734,53.6448814019841
3418.744141,54.4937594944977
3419.80957,48.6684937041134
3420.875977,54.5165729794595
3421.941406,57.4608393334078
3423.006836,61.346470891669
3424.071289,65.8319571939
3425.136719,57.9456908255697
3426.201172,57.449975149411
3427.266602,52.4461718899231
3428.331055,51.1548672927536
3429.394531,51.7989995267069
3430.458984,53.4741474244599
3431.523438,53.5935739357383
3432.586914,51.9180468157892
3433.650391,53.8902097209984
3434.713867,51.0903670498303
3435.777344,50.2813759431031
3436.84082,47.9686547970326
3437.90332,52.5070863987858
3438.96582,52.3458945588064
3440.02832,51.0907091900785
3441.09082,51.8647702219228
3442.15332,51.5824832353415
3443.21582,51.5556917795813
3444.277344,49.8520446237541
3445.338867,45.8392840572274
3446.400391,48.2223153343635
3447.461914,43.528537618446
3448.523438,40.6249404853674
3449.584961,38.8638796002483
3450.645508,44.4257523639195
3451.706055,42.892081444521
3452.766602,40.2682388382157
3453.827148,36.0963264124899
3454.887695,38.9952050069047
3455.947266,40.3656553527315
3457.006836,42.6619047206032
3458.067383,49.749528643956
3459.126953,52.0367100855162
3460.185547,54.0844601528788
3461.245117,53.2129828904077
3462.303711,52.5859763690679
3463.363281,56.9386542648911
3464.421875,52.715100566739
3465.480469,55.0807914951342
3466.539062,56.4333238152397
3467.59668,59.6115087337874
3468.655273,54.0611488300046
3469.712891,47.1488009005686
3470.770508,52.8567068214593
3471.828125,55.2501568906773
3472.884766,54.6188482780645
3473.942383,53.6168626744197
3474.999023,55.2664574974764
3476.056641,52.8607282381125
3477.113281,56.1704918231726
3478.168945,55.2488471264805
3479.225586,54.1745567721017
3480.282227,53.3541755166654
3481.337891,48.7101901365881
3482.393555,50.9655731904965
3483.449219,48.7743128888976
3484.504883,47.7195040482134
3485.560547,45.7854960703401
3486.615234,39.2631005254098
3487.669922,46.0696735171754
3488.724609,45.0049931145925
3489.779297,44.6633882045157
3490.833984,42.6178993034904
3491.888672,46.9537054008824
3492.942383,50.2549701786374
3493.996094,50.7194897103474
3495.050781,50.8942322965482
3496.103516,55.6173372435116
3497.157227,54.731144574796
3498.210938,51.433375054228
3499.263672,50.139986256673
3500.316406,50.2081585252967
3501.369141,48.0889713903062
3502.421875,50.6638236306645
3503.474609,46.8371715188387
3504.527344,48.3878150359852
3505.579102,51.6698159051016
3506.630859,50.9602710600593
3507.682617,56.8468512054165
3508.734375,58.1719191343366
3509.786133,56.741313443233
3510.836914,55.7420894138303
3511.887695,59.4687235574901
3512.939453,57.9655839670402
3513.990234,54.8677100297861
3515.040039,50.4316766894662
3516.09082,50.2289514041424
3517.141602,53.439769514424
3518.191406,50.3984585718755
3519.241211,56.2561081749592
3520.291016,50.7538417563699
3521.34082,48.4342226818812
3522.389648,53.1695365419133
3523.439453,54.099766793434
3524.488281,58.2928371213797
3525.537109,54.2877233385547
3526.585938,53.8018136696787
3527.634766,55.0588544119021
3528.682617,54.0079840910624
3529.731445,53.2162910833005
3530.779297,54.203682246696
3531.827148,56.5212413261191
3532.875,59.4518295477915
3533.922852,64.9662437175973
3534.969727,60.7393619615167
3536.017578,63.1255893468541
3537.064453,62.2330232292837
3538.111328,65.2246723942979
3539.158203,64.4532834778415
3540.205078,63.8126751895348
3541.250977,64.9747206803132
3542.296875,62.8545920737605
3543.34375,60.9265020353784
3544.389648,60.2542393609899
3545.435547,58.4202852549699
3546.480469,58.7725282858219
3547.526367,57.1098181470981
3548.571289,56.3945086934942
3549.616211,53.0458211997076
3550.661133,55.4732563904471
3551.706055,50.1903375588381
3552.750977,54.0209925096047
3553.794922,54.268346841172
3554.838867,53.4748955007384
3555.883789,52.7320042355447
3556.927734,55.594458700519
3557.970703,50.2697348815568
3559.014648,45.1754835650838
3560.058594,45.4940799912652
3561.101562,43.4721043664501
3562.144531,42.4741864669831
3563.1875,46.199866125444
3564.230469,49.2490335458789
3565.272461,49.4076003471395
3566.31543,49.8277225734435
3567.357422,52.6302274651731
3568.399414,52.0297305532133
3569.441406,55.556198757772
3570.483398,50.6977426545501
3571.524414,54.0980591921724
3572.566406,54.6714907250415
3573.607422,52.0173037234471
3574.648438,47.2294506307203
3575.689453,46.923770729318
3576.730469,46.6860627637234
3577.770508,43.0158766379579
3578.811523,46.0478159023623
3579.851562,53.7893095912328
3580.891602,60.1799571889573
3581.931641,60.9907458916206
3582.97168,61.1459678200307
3584.010742,60.3222315776579
3585.050781,58.9354983740081
3586.089844,59.0493026339053
3587.128906,54.8342509366361
3588.167969,54.8180085264442
3589.206055,49.8518464273429
3590.245117,48.7602560344952
3591.283203,45.3247132343747
3592.322266,38.9615929126854
3593.360352,32.1058506736458
3594.397461,32.4323191593882
3595.435547,31.7190081479256
3596.473633,34.3143989825121
3597.510742,34.1559896449912
3598.547852,32.902431364108
3599.584961,36.6979725138175
3600.62207,36.5105439576027
3601.65918,41.7005324860042
3602.695312,45.9434042722908
3603.732422,52.6913526277875
3604.768555,57.2298091439456
3605.804688,61.9989942169904
3606.84082,64.261695303656
3607.875977,65.7402137520783
3608.912109,63.3778562903637
3609.947266,61.9876333317505
3610.982422,63.2973175699316
3612.017578,57.4182282773428
3613.052734,52.2401646789425
3614.087891,45.2115789234096
3615.12207,37.9821387116806
3616.157227,34.911824383051
3617.191406,33.5952823733962
3618.225586,35.8767262801097
3619.259766,37.6057011849385
3620.292969,43.1230036471385
3621.327148,42.5943043453466
3622.360352,40.6405127254517
3623.393555,38.6062210481588
3624.426758,40.9840584547195
3625.459961,36.3570093687741
3626.493164,32.5083895490042
3627.525391,34.4762174986698
3628.557617,35.5143130972288
3629.59082,29.3770561850532
3630.623047,27.5131109022469
3631.654297,25.2218601392849
3632.686523,27.2599814438863
3633.717773,35.7458088750035
3634.75,40.6274659351679
3635.78125,45.2807412683357
3636.8125,50.7472447756802
3637.84375,49.4150358729508
3638.874023,54.1004350658374
3639.905273,53.2636083793558
3640.935547,55.3458593098184
3641.96582,51.5706631742316
3642.996094,54.493671571735
3644.026367,58.9088978905314
3645.056641,59.956674850505
3646.085938,51.9565106079817
3647.115234,50.8986806663133
3648.144531,45.7017522398543
3649.173828,45.0037994088392
3650.203125,45.4576804538582
3651.232422,48.4343116938647
3652.260742,49.6492428718103
3653.290039,46.8440286782226
3654.318359,45.8203657196972
3655.34668,53.5473310319566
3656.374023,52.3791708104757
3657.402344,59.3073674244526
3658.429688,65.2689446525113
3659.458008,71.2222767981398
3660.485352,71.7672649628271
3661.512695,66.4473600405874
3662.540039,65.7074816853649
3663.566406,63.8973300390684
3664.59375,59.4756670991153
3665.620117,55.5724495845438
3666.646484,53.5465511567079
3667.672852,53.7620067901203
3668.699219,51.6261288559294
3669.724609,47.5737208674028
3670.750977,48.5791353284405
3671.776367,53.3200432751438
3672.801758,55.0498521458639
3673.827148,56.0151099372582
3674.852539,57.2033974839299
3675.87793,54.4153962357189
3676.902344,52.2903965049102
3677.926758,47.9480728646909
3678.952148,52.7229908273524
3679.975586,52.2722773774403
3681,52.3088049791021
3682.024414,55.102892617687
3683.047852,55.6150511340013
3684.072266,56.5646175440999
3685.095703,57.7594116414648
3686.119141,61.5435824430726
3687.142578,61.7998610310121
3688.165039,58.0052435039792
3689.188477,55.2292051374993
3690.210938,47.9975193241036
3691.233398,48.533036990326
3692.255859,51.2855090177786
3693.27832,47.7964480186355
3694.299805,49.7488638178976
3695.322266,48.1564537176441
3696.34375,46.2369528816064
3697.365234,44.3419728205841
3698.386719,48.8995185108459
3699.408203,46.7100574509604
3700.429688,48.5664010464447
3701.450195,42.9340102878902
3702.47168,42.0848635360373
3703.492188,36.4684465827
3704.512695,27.3534244715927
3705.533203,25.1723491541505
3706.552734,28.954728372821
3707.573242,33.9560659231932
3708.592773,41.7515725517446
3709.612305,41.262254887341
3710.631836,45.4714046370575
3711.651367,44.0759281272244
3712.670898,44.1237221814156
3713.689453,53.2772850677152
3714.708984,59.3009893702818
3715.727539,60.7210667188763
3716.746094,57.5671987195653
3717.764648,51.1180285616062
3718.782227,47.0307706944238
3719.800781,45.8609405286402
3720.818359,40.5834965907506
3721.835938,41.6703966411841
3722.853516,40.8079785786815
3723.871094,37.9456943070029
3724.888672,38.0658982050074
3725.905273,39.4926227853949
3726.922852,43.5302289853673
3727.939453,45.8587621809236
3728.956055,47.2093274564817
3729.972656,54.366257963217
3730.988281,55.2810789645468
3732.004883,55.9759095793653
3733.020508,53.0981605935407
3734.037109,55.0256192132484
3735.052734,58.49680690023
3736.067383,60.1524240687973
3737.083008,60.2304259051397
3738.098633,63.7700075264444
3739.113281,61.6247338258637
3740.12793,62.3850455733511
3741.142578,64.449371434481
3742.157227,68.5090167081871
3743.171875,71.8005711693783
3744.186523,73.739016367575
3745.200195,73.7393338522979
3746.213867,71.2165051730674
3747.227539,65.5855118794043
3748.241211,56.2613355208289
3749.254883,42.658957646862
